31 0.2953125 0.2875 0.0421875 0.0625
1 0.3255208328125 0.3142361109375 0.3689236109375 0.3151041671875 0.37065972187499996 0.25694444375000003 0.328125 0.25434027812500004 0.3263888890625 0.2864583328125 0.3255208328125 0.3142361109375
17 0.421875 0.31539351875 0.4230324078125 0.2557870375 0.3790509265625 0.2540509265625 0.37789351875 0.3148148140625 0.421875 0.31539351875
15 0.47164351875 0.3148148140625 0.4739583328125 0.25347222187499996 0.431134259375 0.25289351875 0.4299768515625 0.3136574078125 0.47164351875 0.3148148140625
0 0.521990740625 0.3136574078125 0.5225694437499999 0.2557870375 0.48148148125 0.2540509265625 0.48090277812500004 0.3113425921875 0.521990740625 0.3136574078125
23 0.574652778125 0.313078703125 0.574652778125 0.2540509265625 0.53125 0.25347222187499996 0.530671296875 0.313078703125 0.574652778125 0.313078703125
9 0.321759259375 0.3854166671875 0.3229166671875 0.327546296875 0.27835648125 0.3269675921875 0.2795138890625 0.3865740734375 0.321759259375 0.3854166671875
13 0.3726851859375 0.3848379625 0.3738425921875 0.32523148125 0.33101851875 0.3240740734375 0.33159722187499996 0.3848379625 0.3726851859375 0.3848379625
6 0.4762731484375 0.3848379625 0.48032407343749994 0.3269675921875 0.4375 0.3229166671875 0.43402777812500004 0.381365740625 0.4762731484375 0.3848379625
27 0.5890625 0.7078125 0.040625 0.0609375
27 0.640625 0.7015625 0.0390625 0.059375
27 0.690625 0.703125 0.0390625 0.059375
2 0.4046875 0.3546875 0.04375 0.0625
21 0.24375 0.5484375 0.0453125 0.0625
21 0.296875 0.5453125 0.0453125 0.0625
2 0.35 0.54375 0.046875 0.0640625
5 0.4015625 0.540625 0.04375 0.0625
8 0.4546875 0.540625 0.04375 0.0609375
28 0.5046875 0.540625 0.0421875 0.0578125
28 0.55625 0.540625 0.040625 0.0578125
0 0.6296875 0.5359375 0.0390625 0.0578125
19 0.4359375 0.7140625 0.04375 0.0625
22 0.4859375 0.7125 0.0421875 0.0625
25 0.5390625 0.709375 0.0453125 0.0625