3 0.19375 0.3484375 0.0578125 0.0875
27 0.2671875 0.346875 0.0578125 0.0875
27 0.340625 0.346875 0.05625 0.0828125
0 0.4140625 0.3484375 0.0578125 0.0890625
25 0.5671875 0.346875 0.0625 0.0859375
22 0.6390625 0.346875 0.0609375 0.0875
26 0.7125 0.346875 0.0625 0.0859375
14 0.7828125 0.3453125 0.059375 0.0859375
7 0.196875 0.4453125 0.0578125 0.0875
1 0.26875 0.446875 0.0640625 0.0875
10 0.340625 0.446875 0.0625 0.0859375
13 0.640625 0.446875 0.059375 0.0875
27 0.7109375 0.4453125 0.0578125 0.0859375
0 0.784375 0.4453125 0.059375 0.0890625
28 0.1953125 0.559375 0.0625 0.0875
28 0.26875 0.5609375 0.0625 0.0859375
7 0.340625 0.559375 0.0640625 0.084375
20 0.6390625 0.559375 0.0625 0.0875
20 0.7125 0.5609375 0.0625 0.0875
33 0.784375 0.5609375 0.0625 0.0890625
1 0.19375 0.659375 0.0640625 0.090625
28 0.2671875 0.659375 0.0625 0.0890625
30 0.3390625 0.6609375 0.059375 0.0875
19 0.4140625 0.659375 0.065625 0.09375
0 0.5671875 0.659375 0.0625 0.0890625
3 0.640625 0.659375 0.0609375 0.0875
30 0.7140625 0.6578125 0.0625 0.0890625
0 0.784375 0.659375 0.05625 0.084375