11 0.16953125 0.34375 0.065625 0.0921875
2 0.24453125 0.34140625 0.06875 0.0953125
6 0.31796875 0.3359375 0.0703125 0.0921875
0 0.39140625 0.33359375 0.06875 0.0921875
29 0.546875 0.32421875 0.0640625 0.090625
12 0.6203125 0.3203125 0.0671875 0.0890625
23 0.69375 0.31484375 0.065625 0.0921875
3 0.765625 0.3109375 0.0625 0.0890625
32 0.1765625 0.4453125 0.0640625 0.0875
5 0.2515625 0.44140625 0.0640625 0.0921875
19 0.32265625 0.4375 0.06875 0.090625
0 0.62734375 0.41953125 0.0640625 0.090625
11 0.70078125 0.4140625 0.0703125 0.090625
28 0.77421875 0.41171875 0.0640625 0.0921875
17 0.184375 0.56171875 0.0671875 0.0921875
11 0.25546875 0.55625 0.0640625 0.090625
13 0.33046875 0.55078125 0.0625 0.0890625
17 0.63203125 0.53515625 0.0703125 0.0921875
25 0.7078125 0.5296875 0.0671875 0.0890625
21 0.7796875 0.52734375 0.0640625 0.0921875
25 0.1875 0.66328125 0.0703125 0.0921875
24 0.334375 0.65546875 0.0671875 0.09375
1 0.4109375 0.65 0.0671875 0.096875
32 0.2609375 0.659375 0.0625 0.090625
26 0.56796875 0.6390625 0.065625 0.090625
3 0.63984375 0.63515625 0.0671875 0.09375
30 0.71328125 0.6328125 0.0640625 0.0921875
30 0.78515625 0.62890625 0.0609375 0.0890625