29 0.1703125 0.30078125 0.075 0.096875
32 0.246875 0.30546875 0.071875 0.0953125
7 0.321875 0.31171875 0.078125 0.1015625
17 0.3984375 0.31640625 0.0765625 0.0984375
0 0.47421875 0.32421875 0.0734375 0.096875
21 0.55078125 0.3328125 0.075 0.096875
12 0.6265625 0.3390625 0.075 0.096875
23 0.7 0.3453125 0.075 0.1
24 0.775 0.353125 0.0703125 0.090625
4 0.16171875 0.403125 0.0734375 0.0984375
17 0.2359375 0.409375 0.0734375 0.0953125
12 0.3125 0.415625 0.0734375 0.0984375
14 0.3890625 0.42265625 0.075 0.0984375
25 0.46796875 0.42890625 0.0765625 0.0953125
20 0.54140625 0.43515625 0.075 0.0984375
10 0.61796875 0.44140625 0.075 0.096875
33 0.69375 0.4484375 0.0703125 0.096875
10 0.76875 0.45625 0.0734375 0.09375
9 0.1515625 0.50859375 0.071875 0.096875
11 0.2265625 0.5125 0.0734375 0.1015625
5 0.3046875 0.5203125 0.075 0.0984375
30 0.38125 0.525 0.075 0.1015625
5 0.45703125 0.53359375 0.075 0.1015625
24 0.53359375 0.54140625 0.071875 0.0984375
31 0.60703125 0.54609375 0.075 0.1
24 0.68125 0.55234375 0.075 0.0953125
29 0.7578125 0.56015625 0.0734375 0.0953125
0 0.140625 0.61328125 0.06875 0.096875
3 0.21875 0.61953125 0.0734375 0.0984375
28 0.2953125 0.62421875 0.075 0.1
22 0.371875 0.63125 0.0734375 0.1
18 0.44765625 0.6375 0.075 0.096875
14 0.52421875 0.64375 0.075 0.1015625
13 0.59921875 0.65 0.0734375 0.0984375
1 0.678125 0.65859375 0.0765625 0.0984375
15 0.7515625 0.66484375 0.0734375 0.0953125