21 0.3046875 0.303125 0.0546875 0.0765625
12 0.36875 0.303125 0.0515625 0.075
24 0.43125 0.30625 0.0515625 0.078125
17 0.49375 0.3046875 0.05625 0.075
32 0.55625 0.3109375 0.05 0.0703125
1 0.6203125 0.3109375 0.0546875 0.0765625
15 0.1703125 0.646875 0.0546875 0.0796875
18 0.2359375 0.653125 0.0546875 0.078125
21 0.3 0.6515625 0.0546875 0.075
10 0.3640625 0.659375 0.0515625 0.078125
19 0.428125 0.653125 0.05625 0.078125
22 0.4921875 0.65625 0.0515625 0.0765625
25 0.55625 0.6578125 0.05625 0.0765625
28 0.61875 0.6625 0.053125 0.075
29 0.68125 0.6625 0.0546875 0.075
29 0.74375 0.6609375 0.046875 0.071875
12 0.8619791671874999 0.707465278125 0.910590278125 0.7022569437499999 0.9071180562500001 0.6276041671875 0.855902778125 0.6328125 0.8619791671874999 0.707465278125