31 0.26796875 0.31796875 0.05 0.0671875
1 0.3380916578125 0.27731053125 0.29560844999999997 0.2806513984375 0.2983592046875 0.3126985015625 0.301365515625 0.340326759375 0.34446671093750003 0.33514586875 0.3380916578125 0.27731053125
17 0.3459985 0.27327734375 0.3533090546875 0.3336109609375 0.39694305 0.3280629953125 0.3897935765625 0.2688755203125 0.3459985 0.27327734375
15 0.39741388125 0.2648826 0.4047244359375 0.3252162203125 0.4461466859375 0.3205634828125 0.4399017328125 0.25949571250000003 0.39741388125 0.2648826
0 0.44743220624999996 0.259021765625 0.45483259374999996 0.3158364125 0.4958428515625 0.3124103609375 0.48836192343749996 0.25502264218750004 0.44743220624999996 0.259021765625
23 0.4966358421875 0.251522253125 0.5043583890625001 0.31062918906250003 0.5479118453125 0.30450815000000003 0.5396967671875 0.24605482812499999 0.4966358421875 0.251522253125
9 0.25643204375 0.35949834687500004 0.26587380625 0.4183636625 0.30754696875 0.41133810156250006 0.3006391140625 0.353869840625 0.25643204375 0.35949834687500004
13 0.308178878125 0.3493038484375 0.31720864843749996 0.40939584843750004 0.357896746875 0.403677509375 0.35074727031249997 0.34449003437500003 0.308178878125 0.3493038484375
6 0.413463009375 0.3333383484375 0.4181591171875 0.3917018390625 0.4604765984375 0.3892608515625 0.45643410156249997 0.331389890625 0.413463009375 0.3333383484375
27 0.6171875 0.69375 0.0484375 0.065625
27 0.6671875 0.6796875 0.046875 0.0640625
27 0.7171875 0.675 0.046875 0.0640625
2 0.38515625 0.36953125 0.0515625 0.06875
21 0.253125 0.58359375 0.053125 0.06875
21 0.30546875 0.5734375 0.053125 0.06875
2 0.3578125 0.5640625 0.0546875 0.0703125
5 0.4078125 0.55390625 0.0515625 0.06875
8 0.4609375 0.546875 0.0515625 0.0671875
28 0.51015625 0.53984375 0.05 0.0625
28 0.56171875 0.53203125 0.0484375 0.0625
0 0.63359375 0.5171875 0.046875 0.0625
19 0.46640625 0.72109375 0.0515625 0.06875
22 0.515625 0.7125 0.05 0.0671875
25 0.56796875 0.7015625 0.053125 0.06875