3 0.15234375 0.26640625 0.084375 0.115625
7 0.2421875 0.27890625 0.0890625 0.115625
28 0.33125 0.29453125 0.0875 0.1125
27 0.41875 0.30390625 0.0828125 0.109375
14 0.603125 0.3296875 0.0875 0.1171875
2 0.6921875 0.34375 0.0890625 0.1203125
4 0.77890625 0.3546875 0.0796875 0.1109375
21 0.8640625 0.36640625 0.0828125 0.1109375
4 0.13515625 0.3921875 0.078125 0.1125
20 0.225 0.4 0.0890625 0.115625
3 0.31484375 0.4140625 0.0859375 0.115625
8 0.4046875 0.4265625 0.0890625 0.115625
32 0.5890625 0.45234375 0.08125 0.10625
6 0.67578125 0.46171875 0.0859375 0.11875
29 0.765625 0.47578125 0.0796875 0.10625
22 0.85078125 0.484375 0.084375 0.1171875
13 0.1203125 0.509375 0.0859375 0.1171875
1 0.209375 0.52421875 0.0921875 0.1171875
13 0.29921875 0.53515625 0.0875 0.1140625
33 0.3890625 0.54765625 0.0859375 0.109375
25 0.5734375 0.571875 0.090625 0.1125
23 0.6609375 0.58125 0.0890625 0.115625
30 0.75 0.5953125 0.084375 0.109375
25 0.83515625 0.60546875 0.0875 0.109375
17 0.10234375 0.63359375 0.090625 0.115625
11 0.19375 0.64453125 0.0828125 0.1140625
0 0.284375 0.65390625 0.0828125 0.109375
31 0.37265625 0.66484375 0.0828125 0.1109375
16 0.55703125 0.68984375 0.0828125 0.1109375
30 0.646875 0.70234375 0.0828125 0.1109375
13 0.73203125 0.7125 0.0796875 0.109375
21 0.81875 0.725 0.0828125 0.1140625