15 0.09609375 0.32421875 0.0859375 0.1171875
16 0.18359375 0.31015625 0.0828125 0.1140625
19 0.27421875 0.29921875 0.0921875 0.1203125
1 0.36328125 0.28671875 0.0875 0.115625
31 0.453125 0.27421875 0.0875 0.1125
9 0.54296875 0.26171875 0.0875 0.1140625
2 0.634375 0.25078125 0.0890625 0.121875
29 0.72421875 0.2390625 0.084375 0.1125
8 0.8125 0.22734375 0.0890625 0.1171875
7 0.1125 0.4484375 0.0890625 0.1125
26 0.20078125 0.434375 0.0859375 0.1140625
15 0.2921875 0.421875 0.0828125 0.1125
11 0.37734375 0.409375 0.08125 0.115625
18 0.4703125 0.3984375 0.084375 0.121875
0 0.56015625 0.3890625 0.0875 0.1171875
31 0.6515625 0.37578125 0.08125 0.1109375
28 0.73984375 0.36328125 0.0859375 0.1140625
27 0.8296875 0.34921875 0.0796875 0.1171875
3 0.12890625 0.57109375 0.0875 0.1109375
23 0.84765625 0.47421875 0.0890625 0.115625
14 0.7578125 0.4859375 0.0890625 0.11875
18 0.66640625 0.496875 0.0875 0.11875
33 0.575 0.509375 0.084375 0.1140625
12 0.48671875 0.5203125 0.084375 0.1140625
10 0.396875 0.5328125 0.0859375 0.1140625
23 0.30703125 0.54609375 0.0890625 0.1171875
9 0.2171875 0.55703125 0.084375 0.1140625
15 0.14609375 0.69296875 0.08125 0.1171875
7 0.23203125 0.67890625 0.084375 0.1140625
33 0.32265625 0.66796875 0.0875 0.1109375
32 0.41171875 0.65546875 0.0828125 0.109375
20 0.50390625 0.64453125 0.0890625 0.1140625
2 0.59140625 0.63203125 0.0890625 0.1203125
27 0.6796875 0.61953125 0.0828125 0.115625
33 0.77265625 0.60625 0.084375 0.109375
28 0.86484375 0.596875 0.084375 0.109375