1 0.1765625 0.30390625 0.075 0.1015625
1 0.16875 0.41328125 0.075 0.1
1 0.159375 0.5171875 0.0765625 0.096875
1 0.1515625 0.628125 0.075 0.103125
4 0.25625 0.3109375 0.071875 0.1
4 0.246875 0.41953125 0.0703125 0.096875
4 0.2390625 0.52734375 0.071875 0.0953125
4 0.2296875 0.6328125 0.071875 0.0953125
7 0.334375 0.31640625 0.0734375 0.1
7 0.325 0.425 0.071875 0.096875
7 0.31640625 0.534375 0.078125 0.0984375
7 0.3078125 0.63828125 0.0765625 0.1
10 0.41328125 0.32265625 0.075 0.1015625
10 0.40390625 0.43359375 0.075 0.096875
10 0.39609375 0.54140625 0.075 0.096875
10 0.38515625 0.6484375 0.071875 0.0953125
13 0.49140625 0.3296875 0.078125 0.1046875
13 0.48359375 0.4390625 0.075 0.1015625
13 0.47421875 0.54765625 0.071875 0.096875
13 0.46328125 0.65390625 0.071875 0.1
16 0.57109375 0.33671875 0.075 0.1046875
16 0.5609375 0.44765625 0.0703125 0.0984375
16 0.5515625 0.553125 0.0734375 0.096875
16 0.5421875 0.6625 0.071875 0.1
19 0.6484375 0.3453125 0.078125 0.103125
19 0.640625 0.45234375 0.075 0.1015625
19 0.6296875 0.56171875 0.075 0.103125
19 0.6203125 0.665625 0.075 0.1015625
22 0.7296875 0.35078125 0.0734375 0.1
22 0.7203125 0.459375 0.0734375 0.1
22 0.709375 0.5671875 0.075 0.103125
22 0.6984375 0.67421875 0.0703125 0.1
25 0.80703125 0.3578125 0.078125 0.103125
25 0.79609375 0.46484375 0.0765625 0.1
25 0.78671875 0.571875 0.0734375 0.1
25 0.77578125 0.6796875 0.075 0.103125