16 0.2234375 0.3765625 0.0640625 0.090625
6 0.296875 0.3703125 0.06875 0.0921875
15 0.371875 0.36484375 0.0640625 0.0890625
33 0.44609375 0.359375 0.06875 0.0921875
18 0.51953125 0.353125 0.065625 0.090625
24 0.59296875 0.34609375 0.0671875 0.0921875
12 0.6671875 0.34140625 0.0625 0.0890625
9 0.740625 0.3375 0.065625 0.0890625
10 0.8140625 0.33203125 0.06875 0.090625
19 0.22890625 0.478125 0.071875 0.0984375
12 0.30390625 0.47265625 0.071875 0.09375
10 0.37890625 0.46796875 0.06875 0.090625
10 0.453125 0.4609375 0.06875 0.0890625
3 0.528125 0.45703125 0.0703125 0.09375
33 0.603125 0.44921875 0.06875 0.090625
16 0.6765625 0.44375 0.065625 0.09375
24 0.75234375 0.43984375 0.065625 0.0890625
14 0.82734375 0.43359375 0.0703125 0.0953125
9 0.23359375 0.5828125 0.0640625 0.0921875
7 0.3078125 0.57734375 0.06875 0.0953125
1 0.3859375 0.5703125 0.0703125 0.0984375
14 0.4625 0.5640625 0.06875 0.0953125
8 0.53515625 0.55859375 0.0703125 0.0921875
21 0.61015625 0.5515625 0.071875 0.0953125
1 0.68828125 0.54765625 0.071875 0.090625
26 0.7640625 0.54140625 0.0671875 0.0921875
23 0.8375 0.5359375 0.071875 0.0984375
1 0.240625 0.6875 0.071875 0.0984375
15 0.31875 0.68203125 0.071875 0.096875
2 0.39296875 0.6765625 0.071875 0.1046875
15 0.46796875 0.66796875 0.06875 0.096875
27 0.54453125 0.66171875 0.0703125 0.0984375
28 0.621875 0.65625 0.06875 0.0984375
4 0.696875 0.65078125 0.06875 0.0953125
3 0.7734375 0.6453125 0.065625 0.09375
29 0.8484375 0.64140625 0.065625 0.0921875