12 0.1578125 0.3 0.071875 0.10625
25 0.2453125 0.3 0.0765625 0.1015625
22 0.334375 0.2984375 0.0703125 0.1078125
18 0.4203125 0.296875 0.065625 0.1078125
29 0.509375 0.296875 0.0703125 0.1046875
20 0.596875 0.296875 0.0765625 0.1078125
22 0.6875 0.296875 0.071875 0.1078125
13 0.7765625 0.2953125 0.071875 0.1046875
4 0.865625 0.296875 0.0609375 0.1078125
26 0.1578125 0.4203125 0.06875 0.103125
29 0.246875 0.41875 0.071875 0.1
7 0.3328125 0.4203125 0.071875 0.1046875
9 0.4203125 0.4203125 0.0671875 0.1046875
21 0.5109375 0.41875 0.0703125 0.10625
32 0.5953125 0.4203125 0.071875 0.1046875
3 0.6859375 0.421875 0.0703125 0.1
14 0.775 0.4203125 0.0765625 0.1046875
24 0.8625 0.41875 0.0703125 0.1046875
30 0.1625 0.5390625 0.071875 0.0984375
3 0.2484375 0.5390625 0.0703125 0.103125
32 0.3359375 0.5390625 0.065625 0.1015625
11 0.421875 0.5375 0.071875 0.103125
24 0.5078125 0.5390625 0.065625 0.1015625
17 0.596875 0.5390625 0.075 0.103125
3 0.684375 0.5390625 0.0703125 0.10625
26 0.7734375 0.540625 0.0703125 0.10625
2 0.8609375 0.540625 0.071875 0.109375
4 0.1609375 0.6578125 0.0625 0.1
19 0.2484375 0.659375 0.075 0.1015625
11 0.3359375 0.65625 0.0703125 0.1015625
10 0.421875 0.6546875 0.065625 0.096875
6 0.5078125 0.65625 0.065625 0.1046875
4 0.59375 0.6578125 0.0671875 0.103125
20 0.6828125 0.659375 0.0671875 0.103125
6 0.7703125 0.6578125 0.0671875 0.1015625
8 0.859375 0.6609375 0.075 0.10625