31 0.24375 0.3421875 0.0578125 0.0859375
10 0.3125 0.340625 0.0578125 0.0828125
18 0.3828125 0.3421875 0.059375 0.084375
18 0.453125 0.34375 0.0578125 0.0875
7 0.521875 0.34375 0.0578125 0.0828125
3 0.5921875 0.3453125 0.0578125 0.0828125
26 0.6625 0.346875 0.059375 0.0828125
26 0.7296875 0.346875 0.05625 0.0828125
23 0.7984375 0.346875 0.0578125 0.084375
12 0.240625 0.4375 0.05625 0.0828125
17 0.3109375 0.4375 0.059375 0.0890625
6 0.3828125 0.4375 0.0578125 0.0859375
32 0.453125 0.4375 0.0578125 0.0859375
10 0.521875 0.4390625 0.0578125 0.0828125
9 0.5921875 0.4375 0.059375 0.0796875
19 0.6609375 0.4390625 0.059375 0.084375
23 0.73125 0.440625 0.0609375 0.0859375
3 0.7984375 0.4421875 0.0578125 0.0828125
14 0.2375 0.5328125 0.059375 0.0859375
23 0.3109375 0.5328125 0.0625 0.0890625
20 0.38125 0.5328125 0.0609375 0.0859375
24 0.453125 0.5328125 0.0578125 0.0859375
17 0.521875 0.534375 0.059375 0.084375
25 0.59375 0.534375 0.0625 0.0859375
29 0.6625 0.534375 0.0609375 0.0875
4 0.7328125 0.5359375 0.0578125 0.0828125
27 0.8 0.5359375 0.0546875 0.084375
16 0.2390625 0.63125 0.059375 0.0875
31 0.3078125 0.63125 0.059375 0.0875
10 0.3796875 0.63125 0.0578125 0.0890625
24 0.4515625 0.63125 0.0625 0.0890625
32 0.521875 0.63125 0.05625 0.0859375
22 0.5921875 0.6296875 0.059375 0.0859375
4 0.6625 0.63125 0.05625 0.0859375
29 0.7328125 0.6328125 0.05625 0.0859375
23 0.8015625 0.63125 0.059375 0.0828125