12 0.14140625 0.33046875 0.08125 0.1125
25 0.22890625 0.32265625 0.084375 0.1078125
22 0.3171875 0.31328125 0.0796875 0.1140625
18 0.403125 0.3046875 0.075 0.1125
29 0.49140625 0.296875 0.0796875 0.1109375
20 0.57890625 0.2890625 0.0859375 0.1140625
22 0.66875 0.28125 0.08125 0.1140625
13 0.7578125 0.271875 0.08125 0.1109375
4 0.846875 0.265625 0.0703125 0.1125
26 0.15234375 0.45078125 0.078125 0.109375
29 0.240625 0.44140625 0.0796875 0.10625
7 0.3265625 0.43515625 0.08125 0.1109375
9 0.41328125 0.42734375 0.0765625 0.109375
21 0.50390625 0.41796875 0.0796875 0.1125
32 0.58828125 0.4125 0.08125 0.1109375
3 0.678125 0.40625 0.078125 0.10625
14 0.7671875 0.396875 0.0859375 0.1109375
24 0.85390625 0.3875 0.0796875 0.1109375
30 0.1671875 0.56796875 0.0796875 0.1046875
3 0.253125 0.5609375 0.0796875 0.109375
32 0.33984375 0.553125 0.075 0.10625
11 0.42578125 0.54453125 0.08125 0.109375
24 0.5109375 0.53828125 0.075 0.10625
17 0.6 0.53046875 0.084375 0.109375
3 0.68671875 0.52265625 0.0796875 0.1125
26 0.77578125 0.51640625 0.0796875 0.1125
2 0.86328125 0.509375 0.08125 0.115625
4 0.17578125 0.68671875 0.0703125 0.1046875
19 0.26328125 0.68046875 0.0828125 0.1078125
11 0.35 0.6703125 0.078125 0.1078125
10 0.4359375 0.6609375 0.0734375 0.1015625
6 0.52109375 0.6546875 0.075 0.109375
4 0.60703125 0.64921875 0.0765625 0.1078125
20 0.69609375 0.64296875 0.0765625 0.1078125
6 0.7828125 0.63359375 0.0765625 0.1078125
8 0.871875 0.62890625 0.084375 0.1125