0 0.34453125 0.23671875 0.115625 0.15
3 0.45625 0.24765625 0.1171875 0.1453125
6 0.57265625 0.265625 0.1109375 0.146875
9 0.68828125 0.28046875 0.1125 0.1453125
9 0.64765625 0.59296875 0.1140625 0.153125
9 0.290625 0.70703125 0.10625 0.14375
9 0.4 0.71953125 0.10625 0.1453125
3 0.32421875 0.39453125 0.1125 0.1421875
3 0.6703125 0.43515625 0.1140625 0.146875
3 0.5171875 0.734375 0.1140625 0.146875
0 0.440625 0.40625 0.1109375 0.146875
0 0.534375 0.58046875 0.1078125 0.140625
0 0.63203125 0.75234375 0.103125 0.1375
6 0.55546875 0.42109375 0.1078125 0.14375
6 0.30703125 0.5453125 0.1140625 0.1421875
6 0.4234375 0.56171875 0.109375 0.146875