32 0.2 0.33125 0.059375 0.0859375
20 0.275 0.33125 0.059375 0.0890625
8 0.35 0.3296875 0.0640625 0.0890625
18 0.4265625 0.3265625 0.065625 0.090625
6 0.503125 0.3265625 0.0625 0.0875
33 0.5796875 0.3234375 0.0625 0.0875
21 0.65625 0.3234375 0.0671875 0.0890625
13 0.7328125 0.3234375 0.0640625 0.0890625
8 0.809375 0.321875 0.06875 0.0921875
29 0.1984375 0.4359375 0.0609375 0.084375
7 0.2734375 0.434375 0.0625 0.0875
31 0.3515625 0.4328125 0.059375 0.0890625
31 0.428125 0.4328125 0.059375 0.0828125
17 0.5046875 0.43125 0.065625 0.0890625
22 0.58125 0.4296875 0.0625 0.09375
5 0.6578125 0.4296875 0.059375 0.09375
33 0.7375 0.428125 0.059375 0.09375
21 0.8125 0.4265625 0.0625 0.090625
22 0.1984375 0.540625 0.0609375 0.090625
30 0.2734375 0.5390625 0.0625 0.09375
20 0.3515625 0.5375 0.0671875 0.0953125
7 0.428125 0.5359375 0.0625 0.0953125
19 0.50625 0.5375 0.0671875 0.09375
7 0.5828125 0.5359375 0.0625 0.090625
30 0.6609375 0.534375 0.0640625 0.09375
29 0.7390625 0.5359375 0.0640625 0.09375
25 0.815625 0.5328125 0.065625 0.090625
4 0.196875 0.646875 0.0578125 0.0875
23 0.2734375 0.646875 0.0640625 0.09375
12 0.3515625 0.64375 0.0609375 0.0953125
22 0.428125 0.64375 0.0625 0.0953125
9 0.50625 0.6390625 0.0625 0.09375
5 0.584375 0.6421875 0.0640625 0.096875
14 0.6625 0.6421875 0.065625 0.0953125
18 0.740625 0.6421875 0.065625 0.090625
27 0.81875 0.640625 0.0625 0.090625