30 0.121875 0.3203125 0.0828125 0.1171875
28 0.21875 0.321875 0.0828125 0.1171875
20 0.3140625 0.31875 0.0859375 0.1203125
16 0.409375 0.31875 0.0828125 0.1171875
27 0.5078125 0.321875 0.0734375 0.1203125
31 0.6046875 0.321875 0.078125 0.115625
0 0.7015625 0.3234375 0.078125 0.115625
28 0.8015625 0.3234375 0.08125 0.1125
20 0.8984375 0.3265625 0.0796875 0.1140625
15 0.8953125 0.4609375 0.0765625 0.115625
19 0.8015625 0.459375 0.084375 0.1171875
33 0.7015625 0.4578125 0.08125 0.11875
14 0.603125 0.45625 0.0796875 0.1203125
9 0.509375 0.4546875 0.0734375 0.1125
3 0.4109375 0.453125 0.0734375 0.1125
14 0.3140625 0.4515625 0.084375 0.121875
21 0.2171875 0.453125 0.078125 0.1125
16 0.1203125 0.4515625 0.06875 0.115625
10 0.1203125 0.584375 0.075 0.1078125
0 0.2171875 0.5859375 0.06875 0.1078125
12 0.3140625 0.5859375 0.078125 0.1125
18 0.4109375 0.584375 0.0734375 0.1171875
11 0.5078125 0.5859375 0.075 0.115625
4 0.603125 0.5890625 0.0671875 0.10625
29 0.7 0.590625 0.06875 0.1109375
14 0.796875 0.5921875 0.078125 0.1171875
10 0.8953125 0.5953125 0.0734375 0.1109375
5 0.121875 0.7140625 0.075 0.115625
26 0.215625 0.715625 0.071875 0.1125
21 0.3125 0.7171875 0.078125 0.109375
16 0.4078125 0.715625 0.06875 0.1171875
17 0.5046875 0.71875 0.078125 0.115625
14 0.6 0.71875 0.0765625 0.1140625
30 0.696875 0.725 0.078125 0.109375
2 0.79375 0.725 0.084375 0.1171875
9 0.8875 0.7265625 0.0765625 0.1171875