4 0.1828125 0.37265625 0.071875 0.0953125
22 0.2609375 0.3640625 0.0734375 0.1
18 0.33984375 0.35546875 0.075 0.1015625
14 0.41875 0.3453125 0.0765625 0.1
8 0.4984375 0.33828125 0.075 0.1
12 0.57734375 0.33046875 0.0734375 0.0953125
33 0.65546875 0.321875 0.075 0.0984375
26 0.7359375 0.31484375 0.0734375 0.0984375
21 0.8140625 0.3046875 0.075 0.1015625
13 0.19375 0.48125 0.0734375 0.1
25 0.271875 0.47265625 0.078125 0.0984375
7 0.35078125 0.4640625 0.075 0.103125
10 0.42890625 0.45625 0.075 0.0984375
15 0.5078125 0.44609375 0.0734375 0.1015625
30 0.5890625 0.4390625 0.0734375 0.0984375
1 0.66796875 0.43046875 0.0796875 0.1
13 0.7484375 0.421875 0.075 0.1015625
31 0.8265625 0.41328125 0.071875 0.096875
17 0.20390625 0.590625 0.0765625 0.1046875
32 0.2796875 0.58046875 0.0703125 0.1
3 0.36171875 0.5734375 0.0734375 0.0984375
8 0.44140625 0.56328125 0.0765625 0.1078125
9 0.51875 0.55625 0.078125 0.103125
19 0.60078125 0.54453125 0.0765625 0.1046875
25 0.68203125 0.5390625 0.08125 0.103125
31 0.76015625 0.53046875 0.0734375 0.0984375
2 0.8390625 0.5234375 0.078125 0.1
6 0.21484375 0.69921875 0.0765625 0.1078125
22 0.290625 0.6921875 0.075 0.10625
27 0.371875 0.68203125 0.075 0.1046875
15 0.45234375 0.6734375 0.0765625 0.1078125
24 0.53203125 0.66484375 0.0796875 0.1078125
33 0.6125 0.659375 0.0765625 0.1015625
28 0.69375 0.65234375 0.0765625 0.0984375
5 0.77265625 0.6390625 0.078125 0.103125
8 0.8515625 0.63203125 0.0765625 0.1