6 0.1734375 0.3203125 0.0625 0.0953125
5 0.25625 0.31875 0.0671875 0.096875
18 0.334375 0.3171875 0.0609375 0.1
29 0.4140625 0.3171875 0.0578125 0.0921875
29 0.49375 0.3171875 0.065625 0.090625
29 0.5734375 0.315625 0.0640625 0.09375
11 0.6546875 0.3140625 0.0671875 0.0953125
1 0.7359375 0.3140625 0.06875 0.09375
3 0.8203125 0.3140625 0.0640625 0.0921875
26 0.1765625 0.43125 0.0625 0.09375
19 0.25625 0.43125 0.0671875 0.0953125
16 0.334375 0.428125 0.0609375 0.090625
20 0.4140625 0.4265625 0.06875 0.0953125
9 0.4953125 0.4265625 0.065625 0.090625
32 0.575 0.4265625 0.0640625 0.09375
27 0.653125 0.425 0.0625 0.0921875
0 0.7375 0.425 0.065625 0.09375
27 0.8171875 0.4234375 0.059375 0.0953125
12 0.178125 0.5390625 0.065625 0.0984375
12 0.259375 0.5375 0.065625 0.096875
25 0.3375 0.5359375 0.06875 0.0953125
24 0.4171875 0.534375 0.065625 0.0953125
4 0.496875 0.5359375 0.059375 0.09375
10 0.5765625 0.534375 0.0671875 0.09375
17 0.6578125 0.534375 0.06875 0.0953125
32 0.7390625 0.534375 0.0625 0.090625
11 0.821875 0.534375 0.0640625 0.0953125
29 0.1796875 0.6484375 0.0625 0.09375
5 0.2578125 0.646875 0.059375 0.096875
21 0.3375 0.6453125 0.0640625 0.096875
17 0.41875 0.646875 0.0671875 0.0953125
20 0.4984375 0.6453125 0.0671875 0.0953125
19 0.5796875 0.646875 0.06875 0.096875
33 0.659375 0.646875 0.06875 0.0953125
16 0.740625 0.6453125 0.065625 0.09375
18 0.821875 0.6453125 0.0625 0.1