24 0.18984375 0.390625 0.0765625 0.1
13 0.265625 0.37890625 0.078125 0.1
19 0.33984375 0.365625 0.0796875 0.1
8 0.41328125 0.35234375 0.078125 0.1046875
23 0.4890625 0.3421875 0.078125 0.103125
32 0.56328125 0.32890625 0.0765625 0.096875
18 0.63828125 0.31484375 0.0765625 0.1015625
15 0.7140625 0.3046875 0.0765625 0.0984375
5 0.78828125 0.29296875 0.0734375 0.1015625
4 0.20625 0.49296875 0.0796875 0.103125
4 0.28359375 0.48046875 0.078125 0.0984375
21 0.35546875 0.465625 0.0765625 0.1015625
0 0.4328125 0.45390625 0.075 0.096875
6 0.50859375 0.44296875 0.075 0.0984375
29 0.5828125 0.4328125 0.0765625 0.0984375
22 0.65625 0.41953125 0.071875 0.096875
33 0.73203125 0.40625 0.075 0.0984375
22 0.80625 0.39609375 0.0734375 0.0984375
32 0.22421875 0.59609375 0.075 0.0984375
33 0.29921875 0.58203125 0.078125 0.1046875
1 0.3734375 0.5703125 0.0828125 0.10625
17 0.4484375 0.55546875 0.08125 0.1015625
27 0.52265625 0.5453125 0.0765625 0.0984375
16 0.5953125 0.53203125 0.0765625 0.103125
0 0.67265625 0.5203125 0.0765625 0.1
22 0.75 0.509375 0.0765625 0.1
25 0.82265625 0.49765625 0.078125 0.1
21 0.240625 0.69921875 0.08125 0.1046875
12 0.315625 0.684375 0.0765625 0.103125
32 0.39140625 0.671875 0.0734375 0.096875
1 0.4671875 0.66015625 0.084375 0.103125
33 0.540625 0.6484375 0.075 0.0984375
19 0.61484375 0.63671875 0.078125 0.1
16 0.690625 0.625 0.0765625 0.1015625
32 0.76484375 0.61171875 0.0734375 0.096875
14 0.83984375 0.59921875 0.078125 0.1