25 0.2453125 0.25078125 0.0890625 0.1203125
25 0.725 0.41328125 0.0921875 0.1203125
25 0.23984375 0.51328125 0.0875 0.1140625
3 0.340625 0.25859375 0.078125 0.115625
0 0.4359375 0.26484375 0.0796875 0.1125
0 0.53125 0.2640625 0.084375 0.1171875
0 0.62578125 0.2734375 0.08125 0.1140625
0 0.3375 0.51953125 0.0765625 0.1078125
3 0.43671875 0.3984375 0.0828125 0.115625
3 0.53359375 0.396875 0.08125 0.1140625
3 0.628125 0.40625 0.078125 0.1125
6 0.33984375 0.38828125 0.084375 0.115625
6 0.4328125 0.5265625 0.0796875 0.109375
6 0.525 0.528125 0.08125 0.1140625
6 0.6203125 0.534375 0.0875 0.11875
9 0.328125 0.64921875 0.08125 0.1109375
9 0.42109375 0.65703125 0.078125 0.1140625
9 0.51640625 0.65703125 0.0765625 0.1109375
9 0.61015625 0.665625 0.0765625 0.1140625
10 0.72421875 0.27734375 0.08125 0.109375
10 0.24296875 0.38203125 0.08125 0.115625
10 0.715625 0.5421875 0.078125 0.109375
10 0.2328125 0.640625 0.0859375 0.115625
25 0.71171875 0.675 0.0921875 0.1171875