8 0.17109375 0.39765625 0.08125 0.1046875
27 0.24921875 0.38359375 0.0796875 0.1
28 0.325 0.3703125 0.0765625 0.1
14 0.4015625 0.35703125 0.0828125 0.1046875
11 0.47578125 0.34375 0.078125 0.1046875
27 0.553125 0.33359375 0.078125 0.096875
13 0.628125 0.31875 0.0765625 0.0984375
8 0.70546875 0.30859375 0.078125 0.0984375
28 0.778125 0.2953125 0.0765625 0.1
18 0.190625 0.50234375 0.08125 0.1046875
1 0.26640625 0.4890625 0.084375 0.109375
22 0.34453125 0.475 0.0828125 0.1078125
12 0.4203125 0.46171875 0.0796875 0.1046875
7 0.496875 0.4484375 0.0828125 0.10625
12 0.57421875 0.4359375 0.0796875 0.1046875
33 0.6484375 0.425 0.0828125 0.10625
9 0.7234375 0.41015625 0.078125 0.103125
19 0.79921875 0.396875 0.08125 0.103125
9 0.20625 0.60859375 0.08125 0.1046875
2 0.28515625 0.5953125 0.0859375 0.1078125
6 0.36171875 0.5796875 0.08125 0.1046875
23 0.43828125 0.56484375 0.0828125 0.109375
2 0.515625 0.553125 0.0828125 0.1078125
20 0.58984375 0.53984375 0.08125 0.1046875
5 0.66484375 0.528125 0.078125 0.10625
23 0.7421875 0.5140625 0.078125 0.10625
18 0.815625 0.5015625 0.0765625 0.103125
3 0.2234375 0.7140625 0.078125 0.1046875
31 0.303125 0.696875 0.08125 0.1046875
5 0.378125 0.68359375 0.0828125 0.1078125
28 0.45703125 0.66953125 0.08125 0.10625
20 0.5328125 0.6578125 0.0828125 0.1078125
30 0.609375 0.6421875 0.0796875 0.10625
8 0.68515625 0.63203125 0.078125 0.1046875
30 0.76015625 0.6171875 0.0796875 0.1015625
11 0.834375 0.6046875 0.0796875 0.1