0 0.1546875 0.3296875 0.0625 0.09375
0 0.1546875 0.434375 0.0640625 0.090625
0 0.1546875 0.5375 0.0640625 0.0859375
0 0.1546875 0.6421875 0.0625 0.0890625
3 0.23125 0.33125 0.0640625 0.0890625
3 0.23125 0.4359375 0.0625 0.0859375
3 0.23125 0.540625 0.0640625 0.0890625
3 0.23125 0.64375 0.059375 0.0859375
6 0.309375 0.33125 0.0640625 0.0890625
6 0.309375 0.4375 0.065625 0.0890625
6 0.309375 0.5421875 0.065625 0.0875
6 0.3078125 0.6453125 0.0640625 0.090625
9 0.3859375 0.3328125 0.065625 0.090625
9 0.384375 0.4375 0.0640625 0.090625
9 0.3859375 0.54375 0.0640625 0.0890625
9 0.384375 0.646875 0.0640625 0.0890625
12 0.4625 0.334375 0.0640625 0.090625
12 0.4625 0.4390625 0.0640625 0.090625
12 0.4625 0.54375 0.0625 0.0890625
12 0.4609375 0.646875 0.0625 0.090625
15 0.5390625 0.3359375 0.0625 0.0921875
15 0.5390625 0.4390625 0.0625 0.0921875
15 0.5375 0.5421875 0.0640625 0.090625
15 0.5359375 0.646875 0.0609375 0.0890625
18 0.615625 0.3359375 0.0625 0.0921875
18 0.6140625 0.440625 0.0640625 0.090625
18 0.6140625 0.5453125 0.0640625 0.090625
18 0.6125 0.646875 0.059375 0.090625
21 0.690625 0.3359375 0.0640625 0.0953125
21 0.690625 0.440625 0.0640625 0.0953125
21 0.6890625 0.54375 0.0625 0.09375
21 0.6890625 0.646875 0.059375 0.09375
24 0.765625 0.3375 0.059375 0.09375
24 0.7640625 0.440625 0.0640625 0.0921875
24 0.7640625 0.54375 0.0640625 0.0890625
24 0.7640625 0.646875 0.059375 0.090625