2 0.2125 0.2296875 0.0640625 0.0890625
5 0.284375 0.23125 0.0609375 0.0890625
8 0.3546875 0.23125 0.059375 0.0859375
11 0.4265625 0.2265625 0.0578125 0.0890625
14 0.4953125 0.2234375 0.0609375 0.084375
17 0.5671875 0.2234375 0.0625 0.0875
20 0.640625 0.225 0.0609375 0.0859375
23 0.7140625 0.221875 0.0609375 0.084375
26 0.784375 0.228125 0.0578125 0.0859375
1 0.20625 0.4015625 0.0609375 0.0859375
4 0.2765625 0.4046875 0.05625 0.0890625
7 0.35 0.40625 0.0625 0.0875
10 0.4203125 0.40625 0.059375 0.084375
13 0.490625 0.4078125 0.059375 0.084375
16 0.5625 0.4078125 0.059375 0.0875
19 0.634375 0.40625 0.0609375 0.0859375
22 0.70625 0.40625 0.05625 0.0859375
25 0.778125 0.403125 0.0625 0.0875
0 0.2015625 0.60625 0.0609375 0.0859375
3 0.2734375 0.60625 0.059375 0.0859375
6 0.3453125 0.60625 0.0609375 0.0875
9 0.415625 0.6046875 0.059375 0.0875
12 0.4875 0.60625 0.0609375 0.0890625
15 0.5578125 0.6015625 0.0609375 0.0859375
18 0.6296875 0.596875 0.0609375 0.0875
21 0.7015625 0.5921875 0.0640625 0.0890625
18 0.7765625 0.590625 0.0609375 0.0890625
28 0.2109375 0.796875 0.059375 0.0828125
32 0.2828125 0.79375 0.0578125 0.0828125
33 0.353125 0.79375 0.0609375 0.084375
31 0.425 0.7921875 0.059375 0.084375
30 0.4953125 0.7921875 0.059375 0.0859375
27 0.565625 0.790625 0.0546875 0.0859375
29 0.640625 0.790625 0.0609375 0.0828125