3 0.3765625 0.2859375 0.0515625 0.0734375
22 0.440625 0.284375 0.0515625 0.075
10 0.503125 0.2828125 0.053125 0.071875
22 0.565625 0.2828125 0.0515625 0.0734375
32 0.6296875 0.284375 0.0546875 0.075
28 0.309375 0.3703125 0.0515625 0.078125
15 0.3734375 0.3703125 0.0546875 0.0765625
27 0.4359375 0.36875 0.0484375 0.075
20 0.4984375 0.3671875 0.0515625 0.0765625
5 0.5640625 0.3671875 0.05 0.078125
21 0.1265625 0.684375 0.0546875 0.0765625
21 0.190625 0.6796875 0.0546875 0.0796875
21 0.25625 0.678125 0.0546875 0.0796875
24 0.31875 0.675 0.0546875 0.078125
24 0.384375 0.675 0.0546875 0.075
2 0.4515625 0.6734375 0.05625 0.0828125
2 0.5171875 0.6734375 0.05625 0.0796875
2 0.58125 0.671875 0.05625 0.08125
11 0.646875 0.6734375 0.0515625 0.0796875
11 0.7109375 0.671875 0.053125 0.0796875
17 0.778125 0.6734375 0.0546875 0.0796875
29 0.315625 0.2859375 0.05 0.071875
20 0.8421875 0.6734375 0.053125 0.078125
23 0.9078125 0.675 0.0546875 0.0796875