6 0.190625 0.2921875 0.0703125 0.1
5 0.27265625 0.2984375 0.075 0.103125
18 0.35078125 0.303125 0.06875 0.1046875
29 0.43046875 0.31015625 0.065625 0.096875
29 0.509375 0.3171875 0.0734375 0.0953125
29 0.5890625 0.32265625 0.071875 0.0984375
11 0.6703125 0.328125 0.075 0.1015625
1 0.7515625 0.33515625 0.0765625 0.1
3 0.83515625 0.34296875 0.071875 0.096875
26 0.18359375 0.403125 0.0703125 0.0984375
19 0.26328125 0.41015625 0.075 0.1015625
16 0.34140625 0.4140625 0.06875 0.0953125
20 0.42109375 0.41953125 0.0765625 0.1015625
9 0.5015625 0.4265625 0.0734375 0.0953125
32 0.58125 0.43359375 0.071875 0.0984375
27 0.659375 0.43828125 0.0703125 0.096875
0 0.74296875 0.44609375 0.0734375 0.0984375
27 0.82265625 0.4515625 0.0671875 0.1
12 0.17578125 0.5109375 0.0734375 0.103125
12 0.25703125 0.51640625 0.0734375 0.1015625
25 0.33515625 0.521875 0.0765625 0.1015625
24 0.41484375 0.52734375 0.0734375 0.1
4 0.49375 0.53515625 0.0671875 0.0984375
10 0.5734375 0.540625 0.075 0.1
17 0.65390625 0.54765625 0.0765625 0.1015625
32 0.73515625 0.55546875 0.0703125 0.0953125
11 0.81796875 0.5625 0.071875 0.1
29 0.16796875 0.6203125 0.0703125 0.0984375
5 0.24609375 0.625 0.0671875 0.1015625
21 0.32578125 0.63046875 0.071875 0.1015625
17 0.40625 0.6390625 0.075 0.1015625
20 0.4859375 0.64453125 0.075 0.1015625
19 0.56640625 0.653125 0.0765625 0.103125
33 0.64609375 0.66015625 0.0765625 0.1015625
16 0.72734375 0.665625 0.0734375 0.0984375
18 0.8078125 0.67265625 0.0703125 0.1046875