24 0.1140625 0.22265625 0.0890625 0.1234375
15 0.2125 0.22265625 0.08125 0.1203125
30 0.3125 0.22421875 0.090625 0.1203125
12 0.4125 0.2265625 0.0875 0.121875
29 0.5109375 0.2296875 0.0875 0.121875
17 0.609375 0.23046875 0.090625 0.1234375
26 0.7078125 0.23359375 0.084375 0.121875
29 0.80625 0.23671875 0.0828125 0.115625
19 0.90625 0.2375 0.0875 0.1234375
7 0.9015625 0.375 0.084375 0.121875
31 0.8015625 0.37109375 0.0828125 0.115625
5 0.7046875 0.37109375 0.0875 0.125
0 0.60625 0.37109375 0.078125 0.1140625
14 0.5078125 0.3640625 0.0875 0.1203125
27 0.40625 0.3625 0.0828125 0.1203125
6 0.3109375 0.35859375 0.0859375 0.115625
23 0.2125 0.35703125 0.090625 0.1203125
13 0.1140625 0.35703125 0.0859375 0.11875
19 0.1125 0.49296875 0.0890625 0.1203125
5 0.209375 0.49296875 0.0875 0.121875
1 0.30625 0.49609375 0.090625 0.1203125
8 0.40625 0.496875 0.090625 0.11875
27 0.503125 0.5 0.0875 0.1203125
21 0.6 0.5 0.0890625 0.1171875
28 0.7 0.50390625 0.0875 0.11875
2 0.7984375 0.50859375 0.090625 0.1234375
18 0.8953125 0.5140625 0.0828125 0.121875
17 0.1125 0.62421875 0.0875 0.1203125
0 0.2078125 0.62421875 0.090625 0.11875
0 0.30625 0.62890625 0.08125 0.1125
25 0.403125 0.6328125 0.0890625 0.115625
11 0.5015625 0.6328125 0.084375 0.1203125
31 0.5984375 0.63515625 0.078125 0.115625
33 0.696875 0.63828125 0.0828125 0.10625
9 0.79375 0.64140625 0.0828125 0.1125
29 0.890625 0.6453125 0.0734375 0.109375