30 0.1953125 0.3578125 0.065625 0.0953125
19 0.275 0.3578125 0.0703125 0.0984375
26 0.3546875 0.3578125 0.0640625 0.0953125
0 0.434375 0.3578125 0.065625 0.090625
32 0.5140625 0.359375 0.0640625 0.09375
6 0.5921875 0.3609375 0.0640625 0.0953125
21 0.6703125 0.3625 0.0640625 0.0953125
32 0.7484375 0.3640625 0.0609375 0.09375
19 0.828125 0.3640625 0.0671875 0.0984375
20 0.1921875 0.465625 0.0703125 0.0984375
29 0.275 0.4671875 0.0671875 0.0953125
16 0.353125 0.465625 0.0671875 0.0984375
7 0.434375 0.465625 0.06875 0.0984375
28 0.5125 0.46875 0.0671875 0.09375
2 0.590625 0.46875 0.0703125 0.0984375
1 0.6703125 0.46875 0.0703125 0.0953125
23 0.75 0.471875 0.065625 0.096875
4 0.828125 0.471875 0.0640625 0.09375
11 0.19375 0.575 0.065625 0.0984375
4 0.271875 0.5765625 0.065625 0.0984375
20 0.3515625 0.5765625 0.065625 0.096875
10 0.43125 0.5765625 0.065625 0.0953125
6 0.5109375 0.5765625 0.0671875 0.096875
11 0.590625 0.578125 0.0671875 0.0984375
26 0.66875 0.578125 0.06875 0.0953125
18 0.75 0.5796875 0.0640625 0.0953125
2 0.8296875 0.5828125 0.065625 0.096875
23 0.1890625 0.6875 0.0671875 0.0984375
27 0.2703125 0.684375 0.065625 0.096875
12 0.35 0.684375 0.065625 0.1
16 0.43125 0.6859375 0.0703125 0.0984375
19 0.5125 0.6875 0.0703125 0.1015625
27 0.590625 0.6875 0.065625 0.096875
31 0.671875 0.6890625 0.0640625 0.09375
33 0.75 0.690625 0.0640625 0.096875
29 0.8296875 0.690625 0.0640625 0.0953125