15 0.1203125 0.2765625 0.0734375 0.109375
16 0.209375 0.2734375 0.0703125 0.10625
19 0.3 0.2734375 0.0796875 0.1109375
1 0.390625 0.271875 0.075 0.1078125
31 0.48125 0.2703125 0.075 0.1046875
9 0.571875 0.26875 0.075 0.10625
2 0.6640625 0.26875 0.075 0.1140625
29 0.7546875 0.26875 0.071875 0.1046875
8 0.84375 0.2671875 0.0765625 0.109375
7 0.121875 0.4015625 0.0765625 0.1046875
26 0.2109375 0.3984375 0.0734375 0.10625
15 0.303125 0.396875 0.0703125 0.1046875
11 0.3890625 0.3953125 0.06875 0.1078125
18 0.4828125 0.3953125 0.0703125 0.1140625
0 0.5734375 0.396875 0.075 0.109375
31 0.665625 0.3953125 0.06875 0.103125
28 0.7546875 0.39375 0.0734375 0.10625
27 0.8453125 0.390625 0.0671875 0.109375
3 0.1234375 0.525 0.075 0.103125
23 0.8484375 0.5171875 0.0765625 0.1078125
14 0.7578125 0.5171875 0.0765625 0.1109375
18 0.665625 0.5171875 0.075 0.1109375
33 0.5734375 0.51875 0.071875 0.10625
12 0.484375 0.51875 0.071875 0.10625
10 0.39375 0.5203125 0.0734375 0.10625
23 0.303125 0.521875 0.0765625 0.109375
9 0.2125 0.521875 0.071875 0.10625
15 0.125 0.6484375 0.06875 0.109375
7 0.2125 0.6453125 0.071875 0.10625
33 0.303125 0.6453125 0.075 0.103125
32 0.39375 0.64375 0.0703125 0.1015625
20 0.4859375 0.64375 0.0765625 0.10625
2 0.575 0.6421875 0.0765625 0.1125
27 0.6640625 0.640625 0.0703125 0.1078125
33 0.7578125 0.6390625 0.071875 0.1015625
28 0.85 0.640625 0.071875 0.1015625