3 0.1796875 0.38125 0.0671875 0.09375
27 0.25234375 0.371875 0.0671875 0.09375
27 0.32578125 0.3640625 0.0640625 0.0875
0 0.3984375 0.35859375 0.0671875 0.0953125
25 0.55078125 0.340625 0.071875 0.0921875
22 0.62265625 0.3328125 0.0703125 0.09375
26 0.6953125 0.32578125 0.071875 0.0921875
14 0.76484375 0.31640625 0.06875 0.0921875
7 0.19296875 0.47734375 0.0671875 0.09375
1 0.26484375 0.47109375 0.0734375 0.09375
10 0.3359375 0.4640625 0.071875 0.0921875
13 0.634375 0.4328125 0.06875 0.09375
27 0.70390625 0.4234375 0.0671875 0.0921875
0 0.77734375 0.415625 0.06875 0.0953125
28 0.203125 0.590625 0.071875 0.09375
28 0.2765625 0.58515625 0.071875 0.0921875
7 0.34765625 0.57578125 0.071875 0.090625
20 0.64453125 0.54453125 0.071875 0.09375
20 0.71796875 0.53828125 0.071875 0.09375
33 0.7890625 0.53125 0.071875 0.0953125
1 0.21171875 0.690625 0.0734375 0.096875
28 0.28515625 0.6828125 0.071875 0.0953125
30 0.35703125 0.6765625 0.06875 0.09375
19 0.43125 0.6671875 0.075 0.1
0 0.58359375 0.6515625 0.071875 0.0953125
3 0.65625 0.64375 0.0703125 0.09375
30 0.7296875 0.634375 0.071875 0.0953125
0 0.79921875 0.62890625 0.0640625 0.0890625