14 0.06640625 0.52890625 0.0625 0.084375
14 0.13203125 0.52421875 0.0609375 0.0796875
17 0.20078125 0.52109375 0.0609375 0.0828125
17 0.26640625 0.52109375 0.0609375 0.0828125
20 0.33515625 0.52265625 0.0578125 0.08125
20 0.4015625 0.50546875 0.059375 0.08125
1 0.46953125 0.50859375 0.0609375 0.08125
4 0.534375 0.49921875 0.0578125 0.075
7 0.6015625 0.49921875 0.059375 0.0765625
28 0.66875 0.49765625 0.059375 0.0765625
28 0.73515625 0.49765625 0.059375 0.0765625
28 0.80078125 0.49921875 0.0546875 0.08125
29 0.86640625 0.49609375 0.0546875 0.078125
29 0.93125 0.48828125 0.0546875 0.0765625