11 0.178125 0.3265625 0.0609375 0.0890625
2 0.253125 0.328125 0.0640625 0.0921875
6 0.3265625 0.3265625 0.065625 0.0890625
0 0.4 0.328125 0.0640625 0.0890625
29 0.55625 0.3265625 0.059375 0.0875
12 0.6296875 0.3265625 0.0625 0.0859375
23 0.703125 0.325 0.0609375 0.0890625
3 0.775 0.325 0.0578125 0.0859375
32 0.1796875 0.428125 0.059375 0.084375
5 0.2546875 0.428125 0.059375 0.0890625
19 0.3265625 0.428125 0.0640625 0.0875
0 0.63125 0.4265625 0.059375 0.0875
11 0.7046875 0.425 0.065625 0.0875
28 0.778125 0.4265625 0.059375 0.0890625
17 0.18125 0.5453125 0.0625 0.0890625
11 0.253125 0.54375 0.059375 0.0875
13 0.328125 0.5421875 0.0578125 0.0859375
17 0.6296875 0.5421875 0.065625 0.0890625
25 0.70625 0.540625 0.0625 0.0859375
21 0.778125 0.5421875 0.059375 0.0890625
25 0.1796875 0.646875 0.065625 0.0890625
24 0.3265625 0.646875 0.0625 0.090625
1 0.403125 0.6453125 0.0625 0.09375
32 0.253125 0.646875 0.0578125 0.0875
26 0.5609375 0.6421875 0.0609375 0.0875
3 0.6328125 0.6421875 0.0625 0.090625
30 0.70625 0.64375 0.059375 0.0890625
30 0.778125 0.64375 0.05625 0.0859375