0 0.3265625 0.2921875 0.084375 0.11875
0 0.33125 0.43125 0.0796875 0.1125
0 0.64375 0.56875 0.078125 0.115625
0 0.65 0.7109375 0.0765625 0.109375
3 0.4328125 0.2875 0.08125 0.1171875
3 0.4375 0.43125 0.08125 0.1125
3 0.54375 0.5703125 0.0796875 0.1125
3 0.5453125 0.70625 0.084375 0.1171875
6 0.5359375 0.2859375 0.0828125 0.121875
6 0.5390625 0.4296875 0.0828125 0.1171875
6 0.4390625 0.5671875 0.0828125 0.1171875
6 0.44375 0.7078125 0.0828125 0.1171875
9 0.6375 0.284375 0.0859375 0.115625
9 0.6421875 0.428125 0.078125 0.1203125
9 0.334375 0.56875 0.0796875 0.109375
9 0.3453125 0.7109375 0.078125 0.11875