14 0.06875 0.4453125 0.065625 0.0875
14 0.134375 0.453125 0.065625 0.0828125
17 0.20234375 0.46328125 0.065625 0.0859375
17 0.2671875 0.47578125 0.065625 0.0859375
20 0.334375 0.490625 0.0625 0.084375
20 0.40234375 0.48671875 0.0640625 0.084375
1 0.46796875 0.50234375 0.065625 0.084375
4 0.53359375 0.50546875 0.0609375 0.078125
7 0.6 0.51875 0.0625 0.0796875
28 0.66640625 0.5296875 0.0625 0.0796875
28 0.73125 0.5421875 0.0625 0.0796875
28 0.7953125 0.55703125 0.059375 0.084375
29 0.86015625 0.56640625 0.059375 0.08125
29 0.92578125 0.57109375 0.0578125 0.0796875