29 0.1515625 0.3359375 0.065625 0.090625
32 0.228125 0.3328125 0.0625 0.0890625
7 0.303125 0.33125 0.06875 0.0953125
17 0.3796875 0.328125 0.0671875 0.0921875
0 0.45625 0.328125 0.0640625 0.090625
21 0.5328125 0.328125 0.065625 0.090625
12 0.609375 0.3265625 0.065625 0.090625
23 0.6828125 0.325 0.065625 0.09375
24 0.7578125 0.325 0.0625 0.084375
4 0.153125 0.4390625 0.0640625 0.0921875
17 0.228125 0.4375 0.0640625 0.0890625
12 0.3046875 0.4359375 0.0640625 0.0921875
14 0.38125 0.434375 0.065625 0.0921875
25 0.4609375 0.4328125 0.0671875 0.0890625
20 0.534375 0.43125 0.065625 0.0921875
10 0.6109375 0.4296875 0.065625 0.090625
33 0.6875 0.428125 0.0609375 0.090625
10 0.7625 0.428125 0.0640625 0.0875
9 0.1546875 0.5453125 0.0625 0.090625
11 0.2296875 0.540625 0.0640625 0.0953125
5 0.3078125 0.540625 0.065625 0.0921875
30 0.384375 0.5375 0.065625 0.0953125
5 0.4609375 0.5375 0.065625 0.0953125
24 0.5375 0.5375 0.0625 0.0921875
31 0.6109375 0.534375 0.065625 0.09375
24 0.6859375 0.5328125 0.065625 0.0890625
29 0.7625 0.5328125 0.0640625 0.0890625
0 0.1546875 0.65 0.059375 0.090625
3 0.2328125 0.6484375 0.0640625 0.0921875
28 0.309375 0.6453125 0.065625 0.09375
22 0.3859375 0.64375 0.0640625 0.09375
18 0.4625 0.6421875 0.065625 0.090625
14 0.5390625 0.640625 0.065625 0.0953125
13 0.6140625 0.6390625 0.0640625 0.0921875
1 0.69375 0.6390625 0.0671875 0.0921875
15 0.7671875 0.6375 0.0640625 0.0890625