0 0.309375 0.2609375 0.096875 0.1375
3 0.421875 0.25625 0.1 0.1328125
6 0.5390625 0.2578125 0.09375 0.134375
9 0.65625 0.25625 0.0953125 0.1328125
9 0.659375 0.571875 0.0953125 0.140625
9 0.321875 0.734375 0.0890625 0.1328125
9 0.43125 0.73125 0.0890625 0.134375
3 0.3109375 0.4203125 0.0953125 0.1296875
3 0.659375 0.4125 0.096875 0.134375
3 0.55 0.7296875 0.096875 0.134375
0 0.428125 0.415625 0.0921875 0.1359375
0 0.5453125 0.575 0.090625 0.1296875
0 0.665625 0.73125 0.0859375 0.1265625
6 0.54375 0.4140625 0.090625 0.1328125
6 0.315625 0.571875 0.096875 0.1296875
6 0.4328125 0.571875 0.090625 0.1359375