29 0.16875 0.3484375 0.0625 0.0875
29 0.1703125 0.45 0.0609375 0.0875
29 0.1703125 0.55 0.059375 0.0859375
29 0.1703125 0.6484375 0.0609375 0.0875
29 0.60625 0.35 0.059375 0.0875
29 0.60625 0.45 0.05625 0.0859375
29 0.6046875 0.5484375 0.059375 0.084375
29 0.603125 0.646875 0.059375 0.0828125
28 0.315625 0.3453125 0.059375 0.0859375
28 0.315625 0.45 0.065625 0.0859375
28 0.315625 0.5484375 0.0640625 0.0875
28 0.3171875 0.646875 0.0625 0.0859375
32 0.3890625 0.346875 0.0625 0.0890625
32 0.390625 0.4484375 0.0625 0.0890625
32 0.3890625 0.546875 0.0640625 0.0859375
32 0.3890625 0.6453125 0.0625 0.0875
33 0.4625 0.3484375 0.0625 0.0890625
33 0.4625 0.45 0.0625 0.084375
33 0.4609375 0.5484375 0.0640625 0.0859375
33 0.4625 0.646875 0.0625 0.0859375
31 0.534375 0.346875 0.0625 0.0859375
31 0.5328125 0.45 0.059375 0.0859375
31 0.5328125 0.5484375 0.059375 0.0875
31 0.5328125 0.6484375 0.05625 0.0859375
30 0.678125 0.35 0.0609375 0.0859375
30 0.678125 0.45 0.0609375 0.0890625
30 0.6765625 0.5484375 0.0578125 0.0859375
30 0.6765625 0.646875 0.0578125 0.0859375
27 0.7484375 0.3515625 0.05625 0.0875
27 0.7484375 0.45 0.05625 0.0828125
27 0.746875 0.55 0.0546875 0.0859375
27 0.7453125 0.646875 0.0546875 0.0859375