19 0.278125 0.88046875 0.1171875 0.0796875
6 0.4046875 0.8734375 0.1125 0.075
17 0.53125 0.86953125 0.1140625 0.0796875
33 0.6546875 0.86796875 0.1140625 0.075
26 0.2734375 0.78671875 0.1140625 0.0765625
21 0.4 0.78125 0.109375 0.0796875
23 0.528125 0.77890625 0.1125 0.0796875
31 0.653125 0.77421875 0.109375 0.075
9 0.2703125 0.69609375 0.1140625 0.0796875
29 0.3984375 0.690625 0.1125 0.075
31 0.525 0.68515625 0.109375 0.08125
29 0.65 0.68203125 0.109375 0.0765625
32 0.26875 0.60234375 0.1140625 0.0828125
28 0.3984375 0.5984375 0.1140625 0.0765625
22 0.5234375 0.59296875 0.1140625 0.078125
15 0.6453125 0.59296875 0.1125 0.0796875
14 0.2640625 0.50703125 0.11875 0.0796875
6 0.3953125 0.5046875 0.1203125 0.0796875
21 0.5203125 0.5015625 0.1125 0.08125
7 0.646875 0.49765625 0.1125 0.084375
13 0.2625 0.41640625 0.115625 0.0796875
28 0.390625 0.4140625 0.1109375 0.08125
22 0.51875 0.4078125 0.1140625 0.075
13 0.64375 0.40703125 0.1109375 0.0796875
10 0.259375 0.32109375 0.1125 0.0828125
5 0.390625 0.3203125 0.11875 0.0828125
5 0.515625 0.3171875 0.11875 0.0828125
12 0.640625 0.31484375 0.1140625 0.084375
30 0.259375 0.22890625 0.115625 0.0796875
18 0.3890625 0.228125 0.1171875 0.078125
29 0.5140625 0.2234375 0.1140625 0.075
0 0.6390625 0.22109375 0.1078125 0.078125
3 0.2546875 0.13046875 0.1109375 0.0734375
3 0.384375 0.13203125 0.1109375 0.075
31 0.5140625 0.1265625 0.109375 0.06875
24 0.6390625 0.12734375 0.1109375 0.0703125