7 0.10078125 0.27734375 0.08125 0.1203125
22 0.19453125 0.27421875 0.071875 0.115625
8 0.28984375 0.27578125 0.084375 0.11875
27 0.38515625 0.27109375 0.075 0.1171875
5 0.48359375 0.2671875 0.084375 0.1203125
26 0.58203125 0.2671875 0.078125 0.11875
24 0.68203125 0.2640625 0.08125 0.1140625
3 0.78203125 0.2625 0.08125 0.1140625
13 0.88359375 0.25859375 0.0796875 0.11875
25 0.1015625 0.41328125 0.08125 0.1125
24 0.1953125 0.41015625 0.078125 0.1140625
26 0.29375 0.40859375 0.0796875 0.11875
21 0.3875 0.40625 0.0828125 0.1171875
27 0.4875 0.40625 0.0796875 0.1171875
29 0.584375 0.4046875 0.0796875 0.109375
11 0.6828125 0.4 0.075 0.11875
25 0.7828125 0.396875 0.0859375 0.1171875
11 0.8828125 0.39765625 0.075 0.11875
23 0.10546875 0.54296875 0.0828125 0.1140625
32 0.20078125 0.54453125 0.0734375 0.109375
29 0.29453125 0.54296875 0.0765625 0.1078125
25 0.38984375 0.5390625 0.084375 0.1140625
20 0.48828125 0.5359375 0.08125 0.115625
32 0.58359375 0.5359375 0.071875 0.1015625
6 0.68359375 0.534375 0.0796875 0.1140625
29 0.78515625 0.5375 0.075 0.1078125
17 0.88359375 0.53359375 0.0859375 0.11875
22 0.109375 0.67265625 0.0703125 0.1140625
8 0.2015625 0.67265625 0.084375 0.11875
19 0.2953125 0.67265625 0.08125 0.1171875
32 0.3921875 0.66875 0.0796875 0.11875
13 0.490625 0.6703125 0.0796875 0.1203125
21 0.5890625 0.6703125 0.078125 0.11875
29 0.6890625 0.6703125 0.075 0.1125
2 0.7875 0.671875 0.0859375 0.1234375
5 0.8875 0.66953125 0.08125 0.1234375