12 0.1390625 0.33671875 0.0828125 0.1125
25 0.22578125 0.32734375 0.0875 0.109375
22 0.3140625 0.3171875 0.08125 0.1140625
18 0.39921875 0.30625 0.0765625 0.1140625
29 0.48828125 0.296875 0.08125 0.1109375
20 0.575 0.2875 0.0875 0.115625
22 0.665625 0.278125 0.0828125 0.1140625
13 0.75390625 0.2671875 0.0828125 0.1109375
4 0.8421875 0.26015625 0.071875 0.1140625
26 0.1515625 0.45625 0.0796875 0.109375
29 0.23984375 0.4453125 0.08125 0.10625
7 0.32578125 0.43828125 0.0828125 0.1109375
9 0.4125 0.42890625 0.078125 0.1109375
21 0.50234375 0.41796875 0.08125 0.1125
32 0.58671875 0.4109375 0.0828125 0.1109375
3 0.6765625 0.403125 0.0796875 0.10625
14 0.76484375 0.3921875 0.0875 0.1125
24 0.85234375 0.38125 0.08125 0.1109375
30 0.16875 0.57421875 0.08125 0.1046875
3 0.25390625 0.56484375 0.08125 0.109375
32 0.340625 0.55625 0.0765625 0.1078125
11 0.4265625 0.5453125 0.0828125 0.109375
24 0.51171875 0.53828125 0.0765625 0.1078125
17 0.60078125 0.52890625 0.0859375 0.1109375
3 0.6875 0.51953125 0.08125 0.1125
26 0.7765625 0.51171875 0.08125 0.1125
2 0.86328125 0.50234375 0.0828125 0.115625
4 0.17890625 0.6921875 0.071875 0.10625
19 0.26640625 0.68515625 0.0859375 0.109375
11 0.353125 0.67265625 0.08125 0.1078125
10 0.43828125 0.66171875 0.075 0.103125
6 0.52421875 0.6546875 0.0765625 0.1109375
4 0.609375 0.646875 0.078125 0.109375
20 0.6984375 0.6390625 0.078125 0.109375
6 0.78515625 0.62890625 0.078125 0.1078125
8 0.87421875 0.62265625 0.0859375 0.1140625