10 0.2109375 0.340625 0.0609375 0.0875
29 0.2859375 0.3375 0.0609375 0.0828125
24 0.359375 0.334375 0.059375 0.0859375
20 0.4359375 0.3359375 0.0640625 0.090625
7 0.5125 0.3375 0.0609375 0.090625
7 0.5859375 0.334375 0.0625 0.0890625
27 0.6625 0.334375 0.0625 0.0859375
11 0.7390625 0.334375 0.0640625 0.0890625
0 0.8140625 0.3359375 0.05625 0.0890625
25 0.209375 0.4421875 0.0671875 0.0890625
4 0.284375 0.440625 0.0640625 0.0875
10 0.3609375 0.4390625 0.0625 0.090625
24 0.4375 0.4390625 0.065625 0.0875
6 0.5140625 0.440625 0.0640625 0.0890625
19 0.5890625 0.440625 0.065625 0.0890625
31 0.6640625 0.4390625 0.065625 0.0890625
3 0.740625 0.4390625 0.0640625 0.0875
24 0.815625 0.440625 0.0625 0.0890625
13 0.209375 0.5453125 0.0625 0.090625
21 0.2859375 0.54375 0.0640625 0.090625
6 0.3625 0.54375 0.0625 0.0890625
10 0.4359375 0.54375 0.065625 0.090625
26 0.5125 0.5421875 0.0640625 0.0921875
20 0.5890625 0.5421875 0.065625 0.090625
15 0.665625 0.5421875 0.0625 0.09375
12 0.740625 0.540625 0.0625 0.0921875
14 0.8140625 0.540625 0.0640625 0.090625
29 0.2109375 0.65 0.0640625 0.090625
2 0.2859375 0.65 0.0671875 0.09375
16 0.3609375 0.646875 0.059375 0.09375
29 0.4375 0.6484375 0.0640625 0.0921875
31 0.5140625 0.646875 0.0640625 0.0921875
15 0.590625 0.646875 0.0640625 0.090625
9 0.6671875 0.6453125 0.0640625 0.090625
17 0.7421875 0.6453125 0.065625 0.090625
0 0.81875 0.646875 0.059375 0.09375