16 0.228125 0.3671875 0.0609375 0.0890625
6 0.3015625 0.36328125 0.065625 0.0890625
15 0.3765625 0.36015625 0.0609375 0.0875
33 0.4515625 0.3578125 0.065625 0.0890625
18 0.52421875 0.35390625 0.0625 0.0875
24 0.59765625 0.35 0.0640625 0.0890625
12 0.67265625 0.346875 0.059375 0.0875
9 0.74609375 0.34609375 0.0625 0.0859375
10 0.81953125 0.34375 0.065625 0.0875
19 0.2296875 0.46875 0.06875 0.0953125
12 0.3046875 0.46640625 0.06875 0.090625
10 0.3796875 0.46328125 0.065625 0.0875
10 0.4546875 0.459375 0.065625 0.0859375
3 0.5296875 0.45859375 0.0671875 0.090625
33 0.6046875 0.45234375 0.065625 0.0875
16 0.678125 0.45 0.0625 0.090625
24 0.7546875 0.44921875 0.0625 0.0859375
14 0.8296875 0.44453125 0.0671875 0.0921875
9 0.23046875 0.5734375 0.0609375 0.090625
7 0.30546875 0.57109375 0.065625 0.0921875
1 0.38359375 0.56640625 0.0671875 0.0953125
14 0.46015625 0.5625 0.065625 0.0921875
8 0.53359375 0.56015625 0.0671875 0.0890625
21 0.60859375 0.55546875 0.06875 0.0921875
1 0.68671875 0.5546875 0.06875 0.0875
26 0.7625 0.55 0.0640625 0.0890625
23 0.8359375 0.54765625 0.06875 0.0953125
1 0.234375 0.678125 0.06875 0.0953125
15 0.3125 0.67578125 0.06875 0.09375
2 0.3875 0.67265625 0.06875 0.1015625
15 0.46171875 0.6671875 0.065625 0.09375
27 0.53828125 0.6625 0.0671875 0.0953125
28 0.61640625 0.66015625 0.065625 0.0953125
4 0.69140625 0.6578125 0.065625 0.0921875
3 0.76796875 0.6546875 0.0625 0.090625
29 0.84296875 0.65390625 0.0625 0.0890625