23 0.3484375 0.084375 0.128125 0.096875
16 0.48203125 0.0984375 0.1265625 0.0875
14 0.6140625 0.1171875 0.1265625 0.0953125
4 0.74609375 0.13046875 0.1203125 0.084375
17 0.33515625 0.18046875 0.1265625 0.0984375
16 0.465625 0.1953125 0.1265625 0.0921875
31 0.6 0.2125 0.11875 0.0890625
17 0.73515625 0.22890625 0.1296875 0.0984375
10 0.7234375 0.3265625 0.1171875 0.090625
0 0.59140625 0.3078125 0.121875 0.0921875
27 0.45625 0.29375 0.121875 0.0890625
15 0.32734375 0.27890625 0.13125 0.084375
4 0.3125 0.37421875 0.121875 0.09375
5 0.4484375 0.39375 0.13125 0.096875
28 0.5828125 0.4078125 0.121875 0.09375
0 0.709375 0.4234375 0.11875 0.090625
29 0.3046875 0.47578125 0.1265625 0.0875
10 0.43671875 0.48828125 0.1234375 0.09375
0 0.565625 0.503125 0.1234375 0.09375
19 0.69765625 0.52109375 0.1265625 0.0984375
17 0.29140625 0.5703125 0.1296875 0.096875
32 0.425 0.584375 0.1265625 0.09375
9 0.55703125 0.59765625 0.121875 0.0953125
33 0.6890625 0.61484375 0.1234375 0.096875
24 0.27734375 0.6671875 0.1265625 0.0953125
26 0.41328125 0.68046875 0.1265625 0.0921875
23 0.54375 0.69375 0.128125 0.09375
21 0.675 0.7125 0.128125 0.0984375
24 0.26875 0.7640625 0.1296875 0.0953125
8 0.40234375 0.7796875 0.1265625 0.0953125
18 0.5328125 0.7953125 0.128125 0.09375
20 0.66328125 0.80859375 0.128125 0.0984375
11 0.25703125 0.85859375 0.128125 0.096875
30 0.3921875 0.87421875 0.121875 0.09375
13 0.52109375 0.88828125 0.1234375 0.090625
25 0.653125 0.9046875 0.1265625 0.1