2 0.18359375 0.32421875 0.071875 0.0984375
2 0.178125 0.4296875 0.0703125 0.0984375
2 0.17265625 0.534375 0.0703125 0.096875
2 0.16875 0.640625 0.0703125 0.1
5 0.26015625 0.328125 0.0703125 0.0984375
5 0.25625 0.434375 0.06875 0.0984375
5 0.25078125 0.53671875 0.0703125 0.096875
5 0.2453125 0.64296875 0.0703125 0.0984375
8 0.33828125 0.33203125 0.071875 0.096875
8 0.3328125 0.43671875 0.075 0.1
8 0.32890625 0.54296875 0.075 0.096875
8 0.321875 0.6484375 0.071875 0.096875
11 0.41640625 0.3359375 0.071875 0.096875
11 0.4109375 0.440625 0.06875 0.09375
11 0.40546875 0.546875 0.06875 0.0953125
11 0.4015625 0.6515625 0.0703125 0.09375
14 0.49296875 0.34140625 0.0703125 0.1
14 0.4875 0.44609375 0.06875 0.096875
14 0.48203125 0.54921875 0.0671875 0.09375
14 0.4765625 0.65390625 0.06875 0.09375
17 0.5671875 0.3453125 0.0703125 0.096875
17 0.5640625 0.4484375 0.0671875 0.09375
17 0.55859375 0.5515625 0.06875 0.09375
17 0.553125 0.65625 0.0703125 0.09375
20 0.64375 0.34765625 0.0703125 0.0953125
20 0.63984375 0.45234375 0.06875 0.09375
20 0.63359375 0.55546875 0.0671875 0.0921875
20 0.628125 0.65859375 0.0671875 0.0921875
23 0.7171875 0.3515625 0.0703125 0.096875
23 0.71484375 0.4546875 0.0671875 0.0921875
23 0.709375 0.559375 0.06875 0.0953125
23 0.70390625 0.6625 0.0703125 0.0921875
26 0.790625 0.35546875 0.0640625 0.09375
26 0.78671875 0.46015625 0.0609375 0.0921875
26 0.7828125 0.56171875 0.0625 0.09375
26 0.77734375 0.66484375 0.0625 0.090625