2 0.1984375 0.2453125 0.06875 0.0921875
5 0.2703125 0.24296875 0.065625 0.0921875
8 0.340625 0.2390625 0.0640625 0.0890625
11 0.4125 0.23046875 0.0625 0.0921875
14 0.48046875 0.22421875 0.065625 0.0875
17 0.55234375 0.2203125 0.0671875 0.090625
20 0.62578125 0.21796875 0.065625 0.0890625
23 0.69921875 0.2109375 0.065625 0.0875
26 0.76953125 0.21328125 0.0625 0.0890625
1 0.2015625 0.4171875 0.065625 0.0890625
4 0.271875 0.41640625 0.0609375 0.0921875
7 0.3453125 0.4140625 0.0671875 0.090625
10 0.415625 0.4109375 0.0640625 0.0875
13 0.4859375 0.40859375 0.0640625 0.0875
16 0.5578125 0.4046875 0.0640625 0.090625
19 0.62890625 0.39921875 0.065625 0.0890625
22 0.70078125 0.3953125 0.0609375 0.0890625
25 0.77265625 0.3890625 0.0671875 0.090625
0 0.2078125 0.621875 0.065625 0.0890625
3 0.2796875 0.61796875 0.0640625 0.0890625
6 0.35078125 0.6140625 0.065625 0.090625
9 0.42109375 0.60859375 0.0640625 0.090625
12 0.49296875 0.60703125 0.065625 0.0921875
15 0.56328125 0.5984375 0.065625 0.0890625
18 0.634375 0.58984375 0.065625 0.090625
21 0.70625 0.58125 0.06875 0.0921875
18 0.78125 0.57578125 0.065625 0.0921875
28 0.2265625 0.81171875 0.0640625 0.0859375
32 0.2984375 0.8046875 0.0625 0.0859375
33 0.36875 0.80078125 0.065625 0.0875
31 0.440625 0.79609375 0.0640625 0.0875
30 0.5109375 0.7921875 0.0640625 0.0890625
27 0.58046875 0.78671875 0.059375 0.0890625
29 0.65546875 0.7828125 0.065625 0.0859375