9 0.24609375 0.33046875 0.0703125 0.0921875
17 0.31796875 0.334375 0.071875 0.09375
13 0.39140625 0.340625 0.0734375 0.09375
5 0.4640625 0.346875 0.0671875 0.096875
21 0.5390625 0.3546875 0.071875 0.0953125
8 0.61015625 0.3609375 0.0734375 0.0953125
5 0.68359375 0.3703125 0.0734375 0.0953125
9 0.75625 0.37734375 0.071875 0.09375
30 0.8296875 0.38359375 0.0734375 0.0953125
18 0.2375 0.428125 0.0703125 0.0953125
14 0.30859375 0.4359375 0.0734375 0.096875
22 0.38203125 0.4421875 0.071875 0.0953125
15 0.4546875 0.45 0.0703125 0.0953125
22 0.5296875 0.4546875 0.071875 0.0953125
11 0.6015625 0.46015625 0.071875 0.096875
33 0.6734375 0.46796875 0.0734375 0.09375
8 0.74765625 0.47578125 0.071875 0.096875
19 0.81875 0.48359375 0.071875 0.0953125
15 0.2265625 0.528125 0.06875 0.0984375
9 0.3015625 0.5359375 0.071875 0.0921875
28 0.371875 0.54140625 0.0703125 0.0953125
31 0.44609375 0.54765625 0.06875 0.0953125
26 0.51796875 0.55546875 0.071875 0.0953125
24 0.59140625 0.56015625 0.071875 0.09375
6 0.6640625 0.56875 0.071875 0.0953125
30 0.73828125 0.5765625 0.075 0.1
12 0.81171875 0.584375 0.071875 0.0953125
4 0.21484375 0.62890625 0.071875 0.0953125
7 0.2890625 0.63515625 0.0703125 0.0953125
25 0.3625 0.64296875 0.0734375 0.1
15 0.4375 0.64921875 0.071875 0.0953125
12 0.51015625 0.65625 0.071875 0.0953125
14 0.58359375 0.6625 0.075 0.0984375
11 0.65625 0.6703125 0.0671875 0.0953125
21 0.73125 0.6796875 0.071875 0.09375
21 0.80546875 0.684375 0.071875 0.09375