28 0.175 0.2875 0.06875 0.0953125
15 0.2609375 0.2859375 0.0640625 0.1
10 0.34375 0.284375 0.0671875 0.1
23 0.428125 0.284375 0.071875 0.1015625
29 0.5125 0.284375 0.0671875 0.0953125
25 0.596875 0.28125 0.0734375 0.096875
12 0.6828125 0.28125 0.06875 0.1015625
19 0.76875 0.28125 0.0734375 0.103125
6 0.8546875 0.28125 0.06875 0.1015625
2 0.1796875 0.403125 0.0703125 0.1046875
30 0.2609375 0.403125 0.0671875 0.096875
20 0.3453125 0.4 0.06875 0.1015625
22 0.43125 0.4 0.071875 0.103125
14 0.5140625 0.3984375 0.06875 0.1046875
32 0.5984375 0.4 0.0640625 0.1
8 0.684375 0.4015625 0.071875 0.103125
17 0.7703125 0.3984375 0.0703125 0.1
22 0.8546875 0.3984375 0.0671875 0.103125
9 0.18125 0.51875 0.0640625 0.0984375
18 0.265625 0.5171875 0.0671875 0.103125
7 0.3484375 0.5171875 0.06875 0.103125
29 0.43125 0.5140625 0.071875 0.0953125
24 0.5140625 0.5140625 0.0625 0.096875
24 0.5984375 0.5140625 0.0640625 0.1
28 0.684375 0.515625 0.0703125 0.0953125
1 0.7703125 0.515625 0.071875 0.1
31 0.85625 0.5140625 0.0625 0.0953125
21 0.1828125 0.6328125 0.06875 0.1
9 0.265625 0.6328125 0.0671875 0.096875
5 0.3484375 0.6296875 0.065625 0.1015625
12 0.4328125 0.628125 0.0640625 0.1
10 0.515625 0.625 0.0640625 0.0953125
4 0.603125 0.6296875 0.0640625 0.0984375
28 0.684375 0.6296875 0.0671875 0.096875
15 0.7703125 0.6296875 0.071875 0.1
10 0.8546875 0.6296875 0.065625 0.0953125