3 0.3640625 0.13984375 0.103125 0.0703125
28 0.478125 0.14453125 0.103125 0.075
20 0.5921875 0.14609375 0.1078125 0.0734375
23 0.7078125 0.15390625 0.1046875 0.075
18 0.35625 0.221875 0.1046875 0.0703125
21 0.471875 0.22734375 0.1046875 0.0796875
5 0.5859375 0.23515625 0.109375 0.071875
15 0.703125 0.23828125 0.1078125 0.071875
29 0.35546875 0.3046875 0.103125 0.06875
32 0.46796875 0.31171875 0.1015625 0.0703125
9 0.58359375 0.31796875 0.1046875 0.0703125
4 0.69375 0.32265625 0.1015625 0.075
12 0.34921875 0.3890625 0.1046875 0.071875
3 0.46171875 0.3953125 0.1 0.0703125
22 0.57421875 0.403125 0.1046875 0.06875
10 0.68984375 0.40859375 0.10625 0.071875
32 0.340625 0.5640625 0.103125 0.0703125
11 0.4515625 0.56875 0.10625 0.078125
3 0.56328125 0.578125 0.103125 0.0734375
18 0.68046875 0.584375 0.109375 0.075
3 0.334375 0.646875 0.1 0.071875
20 0.4484375 0.653125 0.103125 0.075
12 0.559375 0.659375 0.1046875 0.0703125
8 0.67578125 0.6703125 0.1078125 0.0734375
29 0.33203125 0.7296875 0.0953125 0.0734375
2 0.44453125 0.7375 0.109375 0.078125
21 0.5546875 0.74375 0.1015625 0.075
12 0.66875 0.753125 0.1 0.0734375
13 0.325 0.81015625 0.0953125 0.075
1 0.43828125 0.81875 0.1 0.078125
31 0.55234375 0.828125 0.1015625 0.0671875
24 0.665625 0.8390625 0.103125 0.0703125