30 0.20390625 0.33515625 0.0671875 0.0953125
19 0.28203125 0.334375 0.071875 0.096875
26 0.36015625 0.3359375 0.06875 0.0953125
0 0.43828125 0.33515625 0.0671875 0.0953125
32 0.51796875 0.33984375 0.06875 0.0921875
6 0.59296875 0.340625 0.0703125 0.096875
21 0.67421875 0.3453125 0.0703125 0.0953125
32 0.75078125 0.34609375 0.0671875 0.0921875
19 0.82890625 0.34765625 0.06875 0.0953125
20 0.203125 0.44296875 0.0703125 0.0984375
29 0.28125 0.44375 0.06875 0.0953125
16 0.359375 0.4453125 0.0703125 0.09375
7 0.4390625 0.44765625 0.071875 0.0953125
28 0.515625 0.44765625 0.06875 0.0890625
2 0.5921875 0.45 0.0703125 0.0984375
1 0.671875 0.45 0.0703125 0.0921875
23 0.75 0.45546875 0.06875 0.0921875
4 0.8265625 0.45859375 0.06875 0.0890625
11 0.2 0.54765625 0.0671875 0.096875
4 0.278125 0.55 0.071875 0.09375
20 0.3578125 0.5515625 0.06875 0.0953125
10 0.4375 0.55078125 0.06875 0.0953125
6 0.515625 0.55546875 0.06875 0.090625
11 0.590625 0.55625 0.0671875 0.0953125
26 0.66796875 0.559375 0.06875 0.0953125
18 0.7453125 0.55859375 0.0671875 0.096875
2 0.82265625 0.5625 0.071875 0.1
23 0.19765625 0.65703125 0.071875 0.0953125
27 0.27734375 0.6578125 0.06875 0.096875
12 0.35546875 0.6578125 0.0734375 0.0984375
16 0.43203125 0.65859375 0.0671875 0.09375
19 0.51171875 0.66015625 0.071875 0.096875
27 0.58828125 0.6609375 0.0671875 0.0953125
31 0.66640625 0.665625 0.0640625 0.0921875
33 0.74609375 0.66796875 0.065625 0.0921875
29 0.82265625 0.66953125 0.065625 0.0890625