0 0.07421875 0.48515625 0.059375 0.078125
3 0.14140625 0.4875 0.059375 0.0796875
6 0.20390625 0.4890625 0.059375 0.0796875
9 0.26875 0.49140625 0.0640625 0.0828125
12 0.33203125 0.4984375 0.059375 0.078125
15 0.39765625 0.5015625 0.059375 0.0796875
18 0.4609375 0.51015625 0.0609375 0.0796875
21 0.521875 0.51640625 0.059375 0.0796875
24 0.58359375 0.52890625 0.0578125 0.078125
19 0.64375 0.53671875 0.0625 0.0796875
19 0.70703125 0.5453125 0.0625 0.0796875
19 0.76640625 0.55 0.0578125 0.0828125
27 0.82578125 0.553125 0.059375 0.08125
27 0.88828125 0.5578125 0.0546875 0.071875