11 0.1921875 0.365625 0.071875 0.09375
25 0.26640625 0.3578125 0.075 0.09375
15 0.34140625 0.35 0.071875 0.0953125
16 0.415625 0.3421875 0.071875 0.096875
14 0.57265625 0.32265625 0.0734375 0.0953125
28 0.6453125 0.31484375 0.071875 0.096875
26 0.71875 0.30703125 0.0703125 0.09375
30 0.79140625 0.3 0.0703125 0.0921875
5 0.20390625 0.46640625 0.0734375 0.096875
3 0.27890625 0.45859375 0.071875 0.09375
10 0.353125 0.45078125 0.071875 0.0953125
4 0.6546875 0.41640625 0.06875 0.09375
17 0.7296875 0.41015625 0.0734375 0.096875
26 0.80390625 0.40078125 0.0671875 0.09375
17 0.21953125 0.5828125 0.075 0.096875
2 0.29140625 0.5765625 0.0734375 0.1
9 0.3671875 0.565625 0.0734375 0.0953125
7 0.66875 0.5328125 0.075 0.0953125
3 0.74296875 0.525 0.071875 0.096875
23 0.815625 0.5171875 0.071875 0.096875
30 0.23046875 0.68515625 0.075 0.096875
13 0.3015625 0.6765625 0.075 0.0984375
21 0.378125 0.66875 0.071875 0.0984375
18 0.45234375 0.66015625 0.0734375 0.1
31 0.6078125 0.64140625 0.06875 0.0953125
25 0.68203125 0.63515625 0.075 0.096875
1 0.75546875 0.62734375 0.0734375 0.0953125
26 0.828125 0.61796875 0.071875 0.0953125