4 0.21640625 0.309375 0.075 0.0984375
22 0.29453125 0.3171875 0.0765625 0.103125
18 0.3734375 0.32578125 0.078125 0.103125
14 0.453125 0.33203125 0.0796875 0.1015625
8 0.53203125 0.34140625 0.078125 0.1015625
12 0.6109375 0.35 0.0765625 0.0984375
33 0.6890625 0.3578125 0.078125 0.1
26 0.76953125 0.36796875 0.0765625 0.1015625
21 0.84765625 0.37421875 0.078125 0.103125
13 0.2046875 0.41796875 0.0765625 0.103125
25 0.28203125 0.42578125 0.08125 0.1
7 0.36171875 0.434375 0.078125 0.1046875
10 0.4390625 0.4421875 0.078125 0.1
15 0.51875 0.4484375 0.0765625 0.1046875
30 0.59921875 0.45859375 0.0765625 0.1015625
1 0.67890625 0.4671875 0.0828125 0.1015625
13 0.759375 0.475 0.078125 0.103125
31 0.8375 0.4828125 0.075 0.1
17 0.19140625 0.5265625 0.0796875 0.10625
32 0.26796875 0.5328125 0.0734375 0.1015625
3 0.35 0.54296875 0.0765625 0.1015625
8 0.4296875 0.54921875 0.08125 0.109375
9 0.50703125 0.559375 0.08125 0.1046875
19 0.58984375 0.56484375 0.0796875 0.10625
25 0.6703125 0.57578125 0.084375 0.1046875
31 0.74765625 0.58359375 0.0765625 0.1015625
2 0.82734375 0.59375 0.08125 0.1015625
6 0.1796875 0.63515625 0.0796875 0.109375
22 0.25546875 0.64453125 0.078125 0.1078125
27 0.33671875 0.6515625 0.078125 0.10625
15 0.4171875 0.66015625 0.0796875 0.109375
24 0.496875 0.66796875 0.084375 0.109375
33 0.57734375 0.6796875 0.0796875 0.103125
28 0.6578125 0.6890625 0.0796875 0.1
5 0.7375 0.69296875 0.08125 0.1046875
8 0.81640625 0.70234375 0.0796875 0.1015625