24 0.2109375 0.34375 0.0625 0.090625
13 0.2875 0.34375 0.0640625 0.090625
19 0.3625 0.3421875 0.065625 0.090625
8 0.4375 0.340625 0.0640625 0.0953125
23 0.5140625 0.3421875 0.0640625 0.09375
32 0.5890625 0.340625 0.0640625 0.0875
18 0.665625 0.3390625 0.0625 0.0921875
15 0.7421875 0.340625 0.0640625 0.0890625
5 0.8171875 0.340625 0.059375 0.09375
4 0.2109375 0.446875 0.065625 0.09375
4 0.2890625 0.446875 0.065625 0.0890625
21 0.3625 0.44375 0.0625 0.0921875
0 0.440625 0.44375 0.0625 0.0875
6 0.5171875 0.4453125 0.0625 0.0890625
29 0.5921875 0.446875 0.0640625 0.0890625
22 0.6671875 0.4453125 0.059375 0.0890625
33 0.74375 0.44375 0.0609375 0.090625
22 0.81875 0.4453125 0.059375 0.090625
32 0.2125 0.5515625 0.0625 0.0890625
33 0.2890625 0.55 0.0640625 0.0953125
1 0.3640625 0.55 0.06875 0.096875
17 0.440625 0.546875 0.0671875 0.0921875
27 0.515625 0.5484375 0.0640625 0.0890625
16 0.5890625 0.546875 0.0625 0.09375
0 0.6671875 0.546875 0.0625 0.090625
22 0.7453125 0.5484375 0.0625 0.090625
25 0.81875 0.5484375 0.0640625 0.090625
21 0.2125 0.65625 0.0671875 0.0953125
12 0.2890625 0.653125 0.0625 0.09375
32 0.365625 0.653125 0.0609375 0.0890625
1 0.4421875 0.653125 0.0703125 0.09375
33 0.5171875 0.653125 0.0625 0.0890625
19 0.5921875 0.653125 0.0640625 0.090625
16 0.66875 0.653125 0.0625 0.0921875
32 0.74375 0.6515625 0.0609375 0.0890625
14 0.8203125 0.6515625 0.0640625 0.090625