3 0.09765625 0.38515625 0.0875 0.1171875
7 0.18671875 0.36953125 0.0921875 0.1171875
28 0.2765625 0.35703125 0.090625 0.1140625
27 0.36171875 0.3390625 0.0859375 0.1125
14 0.5453125 0.30625 0.090625 0.11875
2 0.634375 0.2921875 0.09375 0.121875
4 0.7203125 0.27578125 0.0828125 0.1125
21 0.80546875 0.26015625 0.0859375 0.1140625
4 0.11953125 0.51015625 0.08125 0.1140625
20 0.2078125 0.48984375 0.0921875 0.1171875
3 0.29765625 0.47578125 0.0890625 0.1171875
8 0.38671875 0.459375 0.0921875 0.1171875
32 0.56953125 0.42734375 0.084375 0.1078125
6 0.65546875 0.409375 0.0890625 0.1203125
29 0.74453125 0.3953125 0.0828125 0.109375
22 0.82890625 0.3765625 0.0875 0.11875
13 0.14140625 0.6265625 0.0890625 0.11875
1 0.23125 0.6125 0.0953125 0.1203125
13 0.3203125 0.5953125 0.090625 0.115625
33 0.409375 0.5796875 0.0890625 0.1109375
25 0.5921875 0.5453125 0.09375 0.115625
23 0.678125 0.52734375 0.0921875 0.1171875
30 0.7671875 0.51328125 0.0875 0.1109375
25 0.8515625 0.496875 0.090625 0.1109375
17 0.16328125 0.75 0.09375 0.1171875
11 0.25390625 0.73203125 0.0859375 0.1171875
0 0.3421875 0.71328125 0.0859375 0.1109375
31 0.4296875 0.69609375 0.0859375 0.1140625
16 0.6125 0.6625 0.0859375 0.1140625
30 0.70234375 0.646875 0.0859375 0.1140625
13 0.78671875 0.63046875 0.0828125 0.1109375
21 0.87265625 0.61484375 0.0859375 0.1171875