5 0.22421875 0.83671875 0.128125 0.0984375
8 0.35390625 0.853125 0.128125 0.096875
22 0.4828125 0.8671875 0.1265625 0.0890625
1 0.6109375 0.8796875 0.121875 0.0921875
12 0.23359375 0.74375 0.1265625 0.09375
25 0.3640625 0.76015625 0.1296875 0.0984375
19 0.49296875 0.7734375 0.1265625 0.0953125
20 0.61875 0.78671875 0.1234375 0.0953125
18 0.2421875 0.6484375 0.13125 0.09375
17 0.37421875 0.6640625 0.13125 0.1
7 0.503125 0.68203125 0.1265625 0.0984375
6 0.62890625 0.69453125 0.1265625 0.0984375
19 0.25703125 0.55390625 0.1328125 0.0984375
13 0.384375 0.56875 0.125 0.096875
31 0.51796875 0.5859375 0.1265625 0.09375
33 0.6390625 0.6015625 0.1203125 0.090625
6 0.2703125 0.46171875 0.1296875 0.0984375
27 0.40078125 0.475 0.121875 0.09375
22 0.5296875 0.49296875 0.121875 0.090625
31 0.6578125 0.5109375 0.1234375 0.0859375
28 0.28203125 0.3671875 0.1265625 0.0953125
8 0.415625 0.38203125 0.128125 0.0984375
4 0.54140625 0.3984375 0.1265625 0.09375
28 0.66953125 0.41640625 0.1265625 0.0921875
30 0.29453125 0.26875 0.1296875 0.1015625
23 0.42578125 0.2859375 0.128125 0.1015625
18 0.5546875 0.30078125 0.1234375 0.0953125
2 0.684375 0.32265625 0.128125 0.0984375
1 0.3078125 0.171875 0.1203125 0.096875
4 0.4390625 0.18984375 0.1265625 0.0984375
33 0.56953125 0.20703125 0.13125 0.1
15 0.69765625 0.228125 0.1265625 0.09375
7 0.3203125 0.07421875 0.1265625 0.0984375
29 0.4515625 0.090625 0.1203125 0.0921875
17 0.58203125 0.109375 0.128125 0.0984375
33 0.7078125 0.13125 0.1265625 0.096875