23 0.334375 0.08984375 0.1265625 0.09375
16 0.46796875 0.09921875 0.1234375 0.084375
14 0.6 0.11328125 0.125 0.0921875
4 0.7328125 0.12265625 0.11875 0.0796875
17 0.32421875 0.1859375 0.1234375 0.09375
16 0.4546875 0.196875 0.125 0.0890625
31 0.590625 0.209375 0.1171875 0.0859375
17 0.72578125 0.2203125 0.1265625 0.0953125
10 0.7171875 0.31875 0.115625 0.0875
0 0.58515625 0.3046875 0.1203125 0.0875
27 0.44921875 0.2953125 0.1203125 0.084375
15 0.3203125 0.284375 0.1296875 0.0796875
4 0.30859375 0.38125 0.1203125 0.0890625
5 0.4453125 0.3953125 0.1296875 0.09375
28 0.57890625 0.4046875 0.1203125 0.0890625
0 0.70703125 0.41640625 0.1171875 0.0875
29 0.30390625 0.4828125 0.1234375 0.084375
10 0.43671875 0.48984375 0.121875 0.0890625
0 0.565625 0.50078125 0.121875 0.0890625
19 0.69765625 0.51484375 0.1234375 0.09375
17 0.29375 0.57734375 0.128125 0.09375
32 0.428125 0.58671875 0.125 0.090625
9 0.5609375 0.59609375 0.1203125 0.090625
33 0.69296875 0.60859375 0.1203125 0.0921875
24 0.28359375 0.675 0.125 0.0921875
26 0.41953125 0.68359375 0.125 0.0890625
23 0.55078125 0.6921875 0.1265625 0.090625
21 0.6828125 0.70625 0.125 0.0953125
24 0.278125 0.771875 0.128125 0.0921875
8 0.4125 0.7828125 0.125 0.0921875
18 0.54296875 0.79375 0.1265625 0.090625
20 0.67421875 0.80234375 0.125 0.0953125
11 0.26953125 0.8671875 0.125 0.09375
30 0.40546875 0.878125 0.1203125 0.0890625
13 0.534375 0.88671875 0.121875 0.0859375
25 0.6671875 0.89921875 0.1234375 0.0953125