9 0.24921875 0.32578125 0.0703125 0.0921875
17 0.32109375 0.33125 0.0734375 0.09375
13 0.39375 0.3390625 0.075 0.0953125
5 0.4671875 0.34609375 0.06875 0.096875
21 0.54140625 0.35546875 0.0734375 0.0953125
8 0.6125 0.3625 0.075 0.096875
5 0.6859375 0.3734375 0.075 0.096875
9 0.75859375 0.38203125 0.0734375 0.09375
30 0.83125 0.38984375 0.075 0.096875
18 0.23828125 0.4234375 0.071875 0.0953125
14 0.31015625 0.4328125 0.075 0.0984375
22 0.3828125 0.43984375 0.0734375 0.0953125
15 0.45625 0.44921875 0.071875 0.0953125
22 0.53046875 0.4546875 0.0734375 0.0953125
11 0.60234375 0.4625 0.0734375 0.096875
33 0.6734375 0.47109375 0.075 0.0953125
8 0.74765625 0.48046875 0.0734375 0.096875
19 0.81953125 0.4890625 0.0734375 0.0953125
15 0.2265625 0.5234375 0.0703125 0.0984375
9 0.30078125 0.53203125 0.071875 0.0921875
28 0.37109375 0.5390625 0.071875 0.0953125
31 0.4453125 0.546875 0.0703125 0.0953125
26 0.51640625 0.55546875 0.0734375 0.0953125
24 0.58984375 0.56171875 0.0734375 0.09375
6 0.6625 0.571875 0.0734375 0.0953125
30 0.7375 0.58125 0.0765625 0.1015625
12 0.81015625 0.58984375 0.0734375 0.0953125
4 0.2125 0.6234375 0.0734375 0.0953125
7 0.28671875 0.63125 0.071875 0.0953125
25 0.36015625 0.63984375 0.075 0.1015625
15 0.434375 0.64765625 0.0734375 0.0953125
12 0.5078125 0.65703125 0.0734375 0.0953125
14 0.58046875 0.6640625 0.0765625 0.1
11 0.653125 0.6734375 0.06875 0.0953125
21 0.72734375 0.68359375 0.0734375 0.09375
21 0.80234375 0.68984375 0.0734375 0.09375