25 0.184375 0.30859375 0.071875 0.0984375
21 0.265625 0.3109375 0.071875 0.096875
22 0.34375 0.31328125 0.071875 0.0953125
14 0.4234375 0.31640625 0.075 0.0984375
15 0.5890625 0.325 0.0703125 0.0984375
3 0.6671875 0.32578125 0.0703125 0.096875
9 0.7453125 0.33125 0.071875 0.096875
23 0.821875 0.33515625 0.075 0.1015625
13 0.18046875 0.4140625 0.0703125 0.1
18 0.26015625 0.4171875 0.071875 0.0984375
9 0.33984375 0.42265625 0.071875 0.096875
5 0.66484375 0.43515625 0.075 0.1
16 0.74140625 0.4390625 0.0671875 0.0984375
2 0.81875 0.44296875 0.071875 0.1
27 0.17421875 0.5375 0.0703125 0.1
8 0.25234375 0.53984375 0.075 0.1
20 0.33203125 0.54453125 0.071875 0.0984375
28 0.659375 0.56015625 0.0703125 0.1
1 0.7375 0.5625 0.0734375 0.0984375
30 0.815625 0.56640625 0.06875 0.0953125
11 0.16640625 0.6484375 0.0703125 0.1
3 0.246875 0.64921875 0.071875 0.1
7 0.3265625 0.65078125 0.0734375 0.1
6 0.40546875 0.6546875 0.06875 0.1
16 0.57890625 0.6640625 0.0703125 0.096875
0 0.65703125 0.66796875 0.0703125 0.096875
17 0.73515625 0.6703125 0.0703125 0.0984375
26 0.81171875 0.67421875 0.0671875 0.096875