23 0.2921875 0.109375 0.11875 0.08125
16 0.4265625 0.1046875 0.1171875 0.071875
14 0.559375 0.1046875 0.1171875 0.0796875
4 0.6921875 0.1 0.1125 0.06875
17 0.2921875 0.20625 0.115625 0.0828125
16 0.4234375 0.203125 0.1171875 0.0765625
31 0.559375 0.2015625 0.109375 0.075
17 0.6953125 0.1984375 0.11875 0.0828125
10 0.696875 0.296875 0.1078125 0.0765625
0 0.5640625 0.296875 0.1125 0.0765625
27 0.428125 0.3015625 0.1125 0.0734375
15 0.2984375 0.3046875 0.1234375 0.0671875
4 0.296875 0.4015625 0.1125 0.078125
5 0.434375 0.4015625 0.121875 0.08125
28 0.56875 0.396875 0.1125 0.078125
0 0.696875 0.3953125 0.109375 0.0765625
29 0.303125 0.503125 0.1171875 0.071875
10 0.4359375 0.496875 0.1140625 0.078125
0 0.565625 0.49375 0.1140625 0.078125
19 0.6984375 0.49375 0.115625 0.0828125
17 0.303125 0.5984375 0.1203125 0.08125
32 0.4375 0.59375 0.1171875 0.078125
9 0.5703125 0.5890625 0.1125 0.0796875
33 0.703125 0.5875 0.1125 0.08125
24 0.303125 0.696875 0.1171875 0.0796875
26 0.4390625 0.690625 0.1171875 0.0765625
23 0.5703125 0.6859375 0.11875 0.078125
21 0.703125 0.6859375 0.1171875 0.0828125
24 0.3078125 0.79375 0.1203125 0.0796875
8 0.4421875 0.790625 0.1171875 0.0796875
18 0.5734375 0.7875 0.11875 0.078125
20 0.7046875 0.7828125 0.1171875 0.0828125
11 0.309375 0.8890625 0.1171875 0.08125
30 0.4453125 0.8859375 0.1125 0.078125
13 0.575 0.88125 0.1140625 0.075
25 0.7078125 0.8796875 0.115625 0.084375