2 0.16484375 0.3640625 0.0734375 0.1
2 0.171875 0.46953125 0.071875 0.1
2 0.1796875 0.57421875 0.071875 0.0984375
2 0.18828125 0.6796875 0.071875 0.1015625
5 0.24140625 0.35859375 0.071875 0.1
5 0.25 0.4640625 0.0703125 0.1
5 0.25703125 0.5671875 0.071875 0.0984375
5 0.26484375 0.6734375 0.071875 0.1
8 0.31875 0.353125 0.0734375 0.0984375
8 0.3265625 0.45703125 0.0765625 0.1015625
8 0.33515625 0.56328125 0.0765625 0.0984375
8 0.34140625 0.66953125 0.0734375 0.0984375
11 0.396875 0.34765625 0.0734375 0.0984375
11 0.40390625 0.4515625 0.0703125 0.0953125
11 0.41171875 0.5578125 0.0703125 0.096875
11 0.4203125 0.6625 0.071875 0.0953125
14 0.4734375 0.34375 0.071875 0.1015625
14 0.48046875 0.4484375 0.0703125 0.0984375
14 0.48828125 0.55078125 0.06875 0.0953125
14 0.4953125 0.65546875 0.0703125 0.0953125
17 0.5484375 0.33828125 0.071875 0.0984375
17 0.55703125 0.44140625 0.06875 0.0953125
17 0.5640625 0.54375 0.0703125 0.0953125
17 0.57109375 0.6484375 0.071875 0.0953125
20 0.62421875 0.33125 0.071875 0.096875
20 0.63359375 0.4359375 0.0703125 0.0953125
20 0.6390625 0.5390625 0.06875 0.09375
20 0.64609375 0.64140625 0.06875 0.09375
23 0.69765625 0.3265625 0.071875 0.0984375
23 0.7078125 0.42890625 0.06875 0.09375
23 0.715625 0.53359375 0.0703125 0.096875
23 0.72265625 0.63671875 0.071875 0.09375
26 0.77109375 0.32109375 0.065625 0.0953125
26 0.7796875 0.42578125 0.0625 0.0921875
26 0.78828125 0.5265625 0.0640625 0.09375
26 0.79609375 0.6296875 0.0640625 0.090625