24 0.1921875 0.38515625 0.075 0.0984375
13 0.26796875 0.375 0.0765625 0.0984375
19 0.3421875 0.3625 0.078125 0.0984375
8 0.415625 0.35078125 0.0765625 0.103125
23 0.4921875 0.34140625 0.0765625 0.1015625
32 0.565625 0.3296875 0.075 0.0953125
18 0.64140625 0.31796875 0.075 0.1
15 0.71796875 0.30859375 0.0765625 0.096875
5 0.7921875 0.29765625 0.071875 0.1015625
4 0.20625 0.4875 0.078125 0.1015625
4 0.28359375 0.4765625 0.078125 0.096875
21 0.35625 0.46328125 0.075 0.1
0 0.43359375 0.45234375 0.0734375 0.0953125
6 0.509375 0.44375 0.075 0.096875
29 0.58359375 0.434375 0.0765625 0.096875
22 0.6578125 0.42265625 0.071875 0.096875
33 0.73359375 0.41015625 0.0734375 0.0984375
22 0.8078125 0.4015625 0.071875 0.0984375
32 0.22265625 0.59140625 0.075 0.096875
33 0.2984375 0.57890625 0.0765625 0.103125
1 0.37265625 0.56875 0.08125 0.10625
17 0.44765625 0.5546875 0.0796875 0.1
27 0.521875 0.54609375 0.0765625 0.096875
16 0.59453125 0.534375 0.075 0.1015625
0 0.671875 0.5234375 0.075 0.0984375
22 0.75 0.5140625 0.075 0.0984375
25 0.82265625 0.50390625 0.0765625 0.0984375
21 0.23671875 0.69453125 0.0796875 0.103125
12 0.3125 0.68125 0.075 0.1015625
32 0.38828125 0.6703125 0.0734375 0.096875
1 0.4640625 0.659375 0.0828125 0.103125
33 0.53828125 0.64921875 0.075 0.096875
19 0.6125 0.6390625 0.0765625 0.0984375
16 0.68828125 0.628125 0.075 0.1
32 0.7625 0.61640625 0.0734375 0.096875
14 0.83828125 0.60546875 0.0765625 0.0984375