24 0.1453125 0.18359375 0.1 0.13125
15 0.24296875 0.19375 0.0921875 0.1265625
30 0.3421875 0.20625 0.1015625 0.128125
12 0.44140625 0.21875 0.0984375 0.1296875
29 0.5390625 0.2328125 0.0984375 0.1296875
17 0.63671875 0.24296875 0.1015625 0.13125
26 0.734375 0.25703125 0.0953125 0.128125
29 0.83203125 0.2703125 0.0953125 0.121875
19 0.93125 0.28125 0.0984375 0.13125
7 0.9125 0.4171875 0.0953125 0.128125
31 0.81328125 0.40390625 0.0953125 0.121875
5 0.7171875 0.39296875 0.0984375 0.1328125
0 0.61875 0.3828125 0.0890625 0.1203125
14 0.521875 0.365625 0.0984375 0.128125
27 0.42109375 0.353125 0.09375 0.1265625
6 0.3265625 0.33984375 0.0984375 0.1234375
23 0.22890625 0.328125 0.1015625 0.128125
13 0.13125 0.3171875 0.096875 0.1265625
19 0.115625 0.45234375 0.1 0.128125
5 0.21171875 0.4625 0.0984375 0.1296875
1 0.3078125 0.47578125 0.1015625 0.128125
8 0.40703125 0.48671875 0.1015625 0.1265625
27 0.503125 0.50078125 0.0984375 0.128125
21 0.59921875 0.5109375 0.1 0.125
28 0.6984375 0.525 0.0984375 0.1265625
2 0.79609375 0.53984375 0.1015625 0.13125
18 0.89140625 0.5546875 0.09375 0.128125
17 0.1015625 0.5828125 0.0984375 0.128125
0 0.196875 0.59296875 0.1015625 0.1265625
0 0.29375 0.60859375 0.0921875 0.11875
25 0.38984375 0.621875 0.1 0.1234375
11 0.4875 0.63203125 0.0953125 0.1265625
31 0.58359375 0.64453125 0.090625 0.121875
33 0.68125 0.6578125 0.09375 0.1125
9 0.77734375 0.671875 0.09375 0.11875
29 0.8734375 0.68515625 0.084375 0.115625