3 0.2109375 0.3171875 0.0671875 0.09375
27 0.284375 0.3234375 0.0671875 0.09375
27 0.3578125 0.33125 0.0640625 0.0875
0 0.43046875 0.340625 0.0671875 0.0953125
25 0.5828125 0.3546875 0.071875 0.0921875
22 0.6546875 0.3625 0.0703125 0.09375
26 0.72734375 0.3703125 0.071875 0.0921875
14 0.79765625 0.37578125 0.06875 0.0921875
7 0.20390625 0.4140625 0.0671875 0.09375
1 0.27578125 0.42265625 0.0734375 0.09375
10 0.346875 0.43046875 0.071875 0.0921875
13 0.6453125 0.46171875 0.06875 0.09375
27 0.715625 0.46796875 0.0671875 0.0921875
0 0.78828125 0.475 0.06875 0.0953125
28 0.190625 0.52734375 0.071875 0.09375
28 0.26328125 0.53671875 0.071875 0.0921875
7 0.33515625 0.5421875 0.071875 0.090625
20 0.63203125 0.5734375 0.071875 0.09375
20 0.7046875 0.5828125 0.071875 0.09375
33 0.7765625 0.590625 0.071875 0.0953125
1 0.17890625 0.6265625 0.0734375 0.096875
28 0.2515625 0.634375 0.071875 0.0953125
30 0.3234375 0.64296875 0.06875 0.09375
19 0.39765625 0.64921875 0.075 0.1
0 0.55 0.665625 0.071875 0.0953125
3 0.6234375 0.6734375 0.0703125 0.09375
30 0.69609375 0.6796875 0.071875 0.0953125
0 0.76640625 0.68828125 0.0640625 0.0890625