27 0.284375 0.2953125 0.05 0.0703125
33 0.3453125 0.29375 0.0484375 0.06875
29 0.40625 0.2921875 0.05 0.0671875
21 0.4640625 0.290625 0.05 0.0703125
26 0.5234375 0.290625 0.05 0.0703125
17 0.58125 0.290625 0.05 0.06875
1 0.2828125 0.375 0.05 0.0734375
15 0.34375 0.3734375 0.05 0.0703125
29 0.403125 0.3734375 0.05 0.071875
3 0.4640625 0.36875 0.05 0.0703125
3 0.521875 0.36875 0.0484375 0.06875
30 0.58125 0.36875 0.0484375 0.0703125
6 0.2796875 0.45625 0.05 0.0703125
6 0.340625 0.45625 0.05 0.0703125
1 0.4015625 0.4546875 0.053125 0.0734375
5 0.4609375 0.4515625 0.05 0.0734375
23 0.51875 0.4515625 0.05 0.071875
0 0.1296875 0.6296875 0.05 0.075
0 0.190625 0.6296875 0.0484375 0.0734375
9 0.2515625 0.6296875 0.0484375 0.075
12 0.3125 0.63125 0.046875 0.071875
15 0.3734375 0.6328125 0.05 0.071875
4 0.434375 0.634375 0.0484375 0.071875
10 0.49375 0.634375 0.046875 0.0703125
10 0.553125 0.6328125 0.046875 0.071875
14 0.6109375 0.63125 0.0484375 0.0734375
17 0.671875 0.6328125 0.05 0.0734375
20 0.7296875 0.6296875 0.0484375 0.0703125
28 0.7875 0.6328125 0.046875 0.071875
32 0.8453125 0.628125 0.0484375 0.06875
4 0.922453703125 0.6579861109375 0.9635416671874999 0.6539351859375 0.9577546296874999 0.5879629625 0.9166666671874999 0.59085648125 0.922453703125 0.6579861109375