3 0.1234375 0.3171875 0.0703125 0.10625
7 0.2140625 0.3171875 0.075 0.10625
28 0.3046875 0.3203125 0.0734375 0.103125
27 0.3921875 0.3171875 0.06875 0.1015625
14 0.578125 0.3171875 0.0734375 0.1078125
2 0.66875 0.31875 0.075 0.1109375
4 0.75625 0.3171875 0.065625 0.103125
21 0.8421875 0.3171875 0.06875 0.103125
4 0.1234375 0.44375 0.0640625 0.1046875
20 0.2140625 0.4390625 0.075 0.10625
3 0.3046875 0.440625 0.071875 0.10625
8 0.3953125 0.440625 0.075 0.10625
32 0.58125 0.440625 0.06875 0.096875
6 0.66875 0.4375 0.071875 0.109375
29 0.759375 0.4390625 0.0671875 0.0984375
22 0.8453125 0.4359375 0.0703125 0.1078125
13 0.125 0.5625 0.071875 0.1078125
1 0.215625 0.5640625 0.078125 0.1078125
13 0.30625 0.5625 0.0734375 0.1046875
33 0.396875 0.5625 0.0734375 0.1
25 0.5828125 0.5609375 0.0765625 0.103125
23 0.6703125 0.5578125 0.075 0.10625
30 0.7609375 0.559375 0.071875 0.1
25 0.846875 0.5578125 0.075 0.1
17 0.125 0.6875 0.0765625 0.10625
11 0.2171875 0.6859375 0.06875 0.10625
0 0.3078125 0.6828125 0.0703125 0.1
31 0.396875 0.68125 0.06875 0.103125
16 0.5828125 0.6796875 0.06875 0.103125
30 0.6734375 0.6796875 0.06875 0.103125
13 0.759375 0.678125 0.065625 0.1015625
21 0.846875 0.678125 0.06875 0.10625