4 0.1953125 0.3453125 0.0640625 0.090625
22 0.2734375 0.34375 0.065625 0.0953125
18 0.353125 0.3421875 0.0671875 0.0953125
14 0.4328125 0.3390625 0.06875 0.09375
8 0.5125 0.3390625 0.0671875 0.09375
12 0.5921875 0.3375 0.065625 0.090625
33 0.6703125 0.3359375 0.0671875 0.0921875
26 0.7515625 0.3359375 0.065625 0.09375
21 0.8296875 0.3328125 0.0671875 0.0953125
13 0.196875 0.4546875 0.065625 0.0953125
25 0.275 0.453125 0.0703125 0.0921875
7 0.3546875 0.4515625 0.0671875 0.096875
10 0.4328125 0.45 0.0671875 0.0921875
15 0.5125 0.446875 0.065625 0.096875
30 0.59375 0.446875 0.065625 0.09375
1 0.6734375 0.4453125 0.071875 0.09375
13 0.7546875 0.44375 0.0671875 0.0953125
31 0.8328125 0.4421875 0.0640625 0.0921875
17 0.196875 0.5640625 0.06875 0.0984375
32 0.2734375 0.5609375 0.0625 0.0953125
3 0.35625 0.5609375 0.065625 0.09375
8 0.4359375 0.5578125 0.06875 0.1015625
9 0.5140625 0.5578125 0.0703125 0.096875
19 0.596875 0.553125 0.06875 0.0984375
25 0.678125 0.5546875 0.0734375 0.096875
31 0.75625 0.553125 0.065625 0.09375
2 0.8359375 0.553125 0.0703125 0.09375
6 0.1984375 0.6734375 0.0671875 0.1015625
22 0.275 0.6734375 0.0671875 0.1
27 0.35625 0.6703125 0.0671875 0.0984375
15 0.4375 0.66875 0.0671875 0.1015625
24 0.5171875 0.6671875 0.071875 0.1015625
33 0.5984375 0.66875 0.06875 0.0953125
28 0.6796875 0.66875 0.06875 0.0921875
5 0.759375 0.6625 0.0703125 0.096875
8 0.8390625 0.6625 0.06875 0.09375