31 0.2359375 0.35546875 0.0625 0.0890625
10 0.3046875 0.35078125 0.0625 0.0859375
18 0.375 0.3484375 0.0640625 0.0875
18 0.4453125 0.34609375 0.0625 0.090625
7 0.51328125 0.34296875 0.0625 0.0859375
3 0.58359375 0.340625 0.0625 0.0859375
26 0.65390625 0.33828125 0.0640625 0.0859375
26 0.72109375 0.33515625 0.0609375 0.0859375
23 0.78984375 0.33125 0.0625 0.0875
12 0.2375 0.45078125 0.0609375 0.0859375
17 0.3078125 0.44765625 0.0640625 0.0921875
6 0.3796875 0.44375 0.0625 0.0890625
32 0.45 0.43984375 0.0625 0.0890625
10 0.51875 0.43828125 0.0625 0.0859375
9 0.5890625 0.4328125 0.0640625 0.0828125
19 0.6578125 0.43046875 0.0640625 0.0875
23 0.728125 0.42890625 0.065625 0.0890625
3 0.7953125 0.4265625 0.0625 0.0859375
14 0.23984375 0.546875 0.0640625 0.0890625
23 0.31328125 0.54296875 0.0671875 0.0921875
20 0.3828125 0.5390625 0.065625 0.0890625
24 0.4546875 0.53515625 0.0625 0.0890625
17 0.5234375 0.5328125 0.0640625 0.0875
25 0.5953125 0.5296875 0.0671875 0.0890625
29 0.6640625 0.52578125 0.065625 0.090625
4 0.734375 0.5234375 0.0625 0.0859375
27 0.8015625 0.5203125 0.059375 0.0875
16 0.24609375 0.64453125 0.0640625 0.090625
31 0.31484375 0.64140625 0.0640625 0.090625
10 0.38671875 0.6375 0.0625 0.0921875
24 0.45859375 0.63359375 0.0671875 0.0921875
32 0.52890625 0.6296875 0.0609375 0.0890625
22 0.59921875 0.625 0.0640625 0.0890625
4 0.66953125 0.62265625 0.0609375 0.0890625
29 0.7390625 0.6203125 0.0609375 0.0890625
23 0.8078125 0.615625 0.0640625 0.0859375