5 0.2296875 0.84140625 0.1265625 0.096875
8 0.36015625 0.85625 0.1265625 0.0953125
22 0.48984375 0.8671875 0.125 0.0875
1 0.6171875 0.878125 0.1203125 0.0890625
12 0.23828125 0.7484375 0.1265625 0.0921875
25 0.36875 0.7625 0.128125 0.096875
19 0.49765625 0.7734375 0.1265625 0.09375
20 0.62421875 0.784375 0.1234375 0.09375
18 0.2453125 0.653125 0.13125 0.0921875
17 0.37734375 0.665625 0.1296875 0.0984375
7 0.50625 0.68203125 0.125 0.096875
6 0.63203125 0.6921875 0.125 0.096875
19 0.25859375 0.55859375 0.13125 0.096875
13 0.3859375 0.57109375 0.1234375 0.0953125
31 0.51953125 0.5859375 0.1265625 0.0921875
33 0.640625 0.59921875 0.11875 0.0890625
6 0.26953125 0.465625 0.128125 0.096875
27 0.40078125 0.4765625 0.121875 0.090625
22 0.52890625 0.4921875 0.1203125 0.0875
31 0.6578125 0.50859375 0.121875 0.084375
28 0.2796875 0.3703125 0.1265625 0.09375
8 0.41328125 0.38359375 0.1265625 0.096875
4 0.5390625 0.39765625 0.1265625 0.0921875
28 0.66796875 0.41328125 0.125 0.090625
30 0.28984375 0.27265625 0.128125 0.1
23 0.421875 0.2875 0.1265625 0.1
18 0.5515625 0.3 0.1234375 0.09375
2 0.68125 0.31953125 0.1265625 0.096875
1 0.30234375 0.175 0.11875 0.0953125
4 0.434375 0.19140625 0.125 0.096875
33 0.56484375 0.20546875 0.1296875 0.0984375
15 0.69296875 0.22421875 0.1265625 0.0921875
7 0.3125 0.07734375 0.125 0.096875
29 0.44453125 0.09140625 0.1203125 0.090625
17 0.575 0.1078125 0.1265625 0.096875
33 0.7015625 0.128125 0.125 0.0953125