1 0.1609375 0.3328125 0.0671875 0.0953125
1 0.1625 0.4421875 0.0671875 0.09375
1 0.1625 0.546875 0.06875 0.090625
1 0.1640625 0.6578125 0.0671875 0.096875
4 0.240625 0.3328125 0.0640625 0.0953125
4 0.240625 0.4421875 0.0625 0.0921875
4 0.2421875 0.55 0.0640625 0.090625
4 0.2421875 0.65625 0.0640625 0.090625
7 0.31875 0.33125 0.065625 0.0953125
7 0.31875 0.440625 0.0640625 0.0921875
7 0.3203125 0.55 0.0703125 0.0921875
7 0.3203125 0.6546875 0.06875 0.09375
10 0.3984375 0.33125 0.0671875 0.0953125
10 0.3984375 0.4421875 0.0671875 0.090625
10 0.4 0.55 0.0671875 0.090625
10 0.3984375 0.6578125 0.0640625 0.090625
13 0.4765625 0.33125 0.0703125 0.0984375
13 0.478125 0.440625 0.0671875 0.0953125
13 0.478125 0.55 0.0640625 0.0921875
13 0.4765625 0.65625 0.0640625 0.0953125
16 0.55625 0.33125 0.0671875 0.0984375
16 0.55625 0.4421875 0.0625 0.09375
16 0.55625 0.5484375 0.065625 0.0921875
16 0.55625 0.6578125 0.0640625 0.0953125
19 0.634375 0.3328125 0.0703125 0.096875
19 0.6359375 0.440625 0.0671875 0.0953125
19 0.634375 0.55 0.0671875 0.096875
19 0.634375 0.6546875 0.0671875 0.0953125
22 0.715625 0.33125 0.065625 0.0953125
22 0.715625 0.440625 0.065625 0.0953125
22 0.7140625 0.5484375 0.0671875 0.096875
22 0.7125 0.65625 0.0625 0.0953125
25 0.79375 0.33125 0.0703125 0.096875
25 0.7921875 0.4390625 0.06875 0.09375
25 0.7921875 0.546875 0.065625 0.0953125
25 0.790625 0.6546875 0.0671875 0.096875