28 0.21015625 0.346875 0.0609375 0.0875
13 0.28515625 0.34453125 0.059375 0.0921875
0 0.36015625 0.34609375 0.0640625 0.0890625
4 0.43515625 0.34453125 0.059375 0.0921875
27 0.509375 0.3421875 0.059375 0.090625
2 0.5859375 0.34375 0.06875 0.09375
16 0.66015625 0.3453125 0.065625 0.090625
13 0.7359375 0.34296875 0.0625 0.0890625
22 0.81171875 0.34609375 0.0640625 0.0890625
6 0.20703125 0.44765625 0.0625 0.0890625
5 0.28359375 0.44609375 0.0609375 0.09375
4 0.35859375 0.44609375 0.0609375 0.0890625
20 0.43359375 0.44609375 0.0609375 0.090625
32 0.50859375 0.446875 0.0640625 0.090625
19 0.58515625 0.446875 0.0671875 0.090625
8 0.66171875 0.4484375 0.0671875 0.0921875
31 0.73671875 0.44765625 0.0609375 0.090625
28 0.81484375 0.44765625 0.065625 0.0875
23 0.20390625 0.55078125 0.065625 0.0953125
25 0.28046875 0.54921875 0.06875 0.0953125
26 0.35703125 0.54921875 0.0609375 0.09375
18 0.43515625 0.55078125 0.0625 0.0921875
24 0.51171875 0.5484375 0.065625 0.09375
10 0.58515625 0.55 0.0640625 0.0921875
26 0.66328125 0.5515625 0.065625 0.09375
31 0.74140625 0.55234375 0.0640625 0.090625
2 0.81796875 0.55390625 0.0703125 0.0984375
27 0.2 0.65703125 0.065625 0.0921875
30 0.278125 0.65546875 0.0625 0.0953125
11 0.35546875 0.65546875 0.0625 0.096875
15 0.43125 0.65703125 0.059375 0.096875
14 0.51015625 0.65625 0.06875 0.096875
16 0.5859375 0.6578125 0.065625 0.096875
17 0.66640625 0.6578125 0.06875 0.0984375
0 0.74453125 0.65703125 0.0609375 0.0984375
20 0.82109375 0.65859375 0.065625 0.0953125