5 0.2734375 0.871875 0.1171875 0.0828125
8 0.4046875 0.8703125 0.1171875 0.08125
22 0.534375 0.865625 0.1171875 0.0734375
1 0.6625 0.8609375 0.1125 0.0765625
12 0.2703125 0.778125 0.1171875 0.078125
25 0.4015625 0.7765625 0.11875 0.0828125
19 0.53125 0.771875 0.1171875 0.0796875
20 0.6578125 0.7671875 0.1140625 0.0796875
18 0.265625 0.6828125 0.121875 0.078125
17 0.3984375 0.6796875 0.1203125 0.084375
7 0.528125 0.6796875 0.115625 0.0828125
6 0.6546875 0.675 0.115625 0.0828125
19 0.2671875 0.5875 0.121875 0.0828125
13 0.3953125 0.584375 0.1140625 0.08125
31 0.5296875 0.5828125 0.1171875 0.078125
33 0.6515625 0.58125 0.1109375 0.0765625
6 0.2671875 0.49375 0.11875 0.0828125
27 0.3984375 0.4890625 0.1125 0.078125
22 0.528125 0.4890625 0.1125 0.075
31 0.6578125 0.4890625 0.1140625 0.0703125
28 0.265625 0.3984375 0.1171875 0.0796875
8 0.4 0.3953125 0.1171875 0.0828125
4 0.5265625 0.39375 0.1171875 0.078125
28 0.65625 0.39375 0.1171875 0.0765625
30 0.2640625 0.3 0.11875 0.0859375
23 0.396875 0.2984375 0.1171875 0.0859375
18 0.5265625 0.2953125 0.1140625 0.0796875
2 0.6578125 0.2984375 0.1171875 0.0828125
1 0.2640625 0.2015625 0.109375 0.0828125
4 0.396875 0.2015625 0.115625 0.0828125
33 0.528125 0.2 0.1203125 0.084375
15 0.6578125 0.203125 0.1171875 0.078125
7 0.2625 0.103125 0.115625 0.0828125
29 0.3953125 0.1015625 0.1109375 0.078125
17 0.5265625 0.1015625 0.1171875 0.0828125
33 0.6546875 0.10625 0.115625 0.08125