3 0.4078125 0.27109375 0.0609375 0.0796875
22 0.47109375 0.278125 0.0609375 0.08125
10 0.53359375 0.28515625 0.0625 0.078125
22 0.5953125 0.29375 0.0609375 0.0796875
32 0.65859375 0.3046875 0.0640625 0.08125
28 0.32890625 0.3453125 0.0625 0.084375
15 0.39296875 0.35390625 0.0640625 0.0828125
27 0.4546875 0.3609375 0.0578125 0.08125
20 0.5171875 0.36796875 0.0609375 0.0828125
5 0.58203125 0.37734375 0.0609375 0.084375
21 0.1046875 0.63046875 0.0640625 0.0828125
21 0.16875 0.63515625 0.065625 0.0859375
21 0.23359375 0.6421875 0.065625 0.0859375
24 0.29609375 0.6484375 0.065625 0.084375
24 0.3609375 0.65703125 0.0640625 0.08125
2 0.428125 0.66484375 0.0671875 0.0890625
2 0.49296875 0.67421875 0.0671875 0.0875
2 0.55625 0.68125 0.0671875 0.0890625
11 0.62109375 0.6921875 0.0625 0.0859375
11 0.68515625 0.69921875 0.0640625 0.0859375
17 0.7515625 0.71015625 0.065625 0.0859375
29 0.346875 0.2625 0.059375 0.078125
20 0.81484375 0.71953125 0.0640625 0.084375
23 0.8796875 0.7296875 0.065625 0.0859375