11 0.2078125 0.334375 0.0625 0.0875
25 0.2828125 0.334375 0.065625 0.0875
15 0.3578125 0.334375 0.0625 0.0890625
16 0.4328125 0.334375 0.0625 0.090625
14 0.590625 0.33125 0.0640625 0.0890625
28 0.6640625 0.33125 0.0625 0.090625
26 0.7375 0.33125 0.0609375 0.0875
30 0.8109375 0.33125 0.0609375 0.0859375
5 0.209375 0.4359375 0.0640625 0.090625
3 0.284375 0.4359375 0.0625 0.0875
10 0.359375 0.4359375 0.0625 0.0890625
4 0.6625 0.4328125 0.059375 0.0875
17 0.7375 0.434375 0.0640625 0.090625
26 0.8125 0.4328125 0.0578125 0.0875
17 0.2125 0.553125 0.065625 0.090625
2 0.284375 0.5546875 0.0640625 0.09375
9 0.3609375 0.5515625 0.0640625 0.0890625
7 0.6640625 0.55 0.065625 0.0890625
3 0.7390625 0.55 0.0625 0.090625
23 0.8125 0.55 0.0625 0.090625
30 0.2125 0.65625 0.065625 0.090625
13 0.284375 0.6546875 0.065625 0.0921875
21 0.3609375 0.6546875 0.0625 0.0921875
18 0.4359375 0.6546875 0.0640625 0.09375
31 0.5921875 0.6515625 0.059375 0.0890625
25 0.6671875 0.653125 0.065625 0.090625
1 0.740625 0.653125 0.0640625 0.0890625
26 0.8140625 0.6515625 0.0625 0.0890625