31 0.23359375 0.36015625 0.0640625 0.0890625
10 0.3015625 0.35390625 0.0640625 0.0859375
18 0.371875 0.35078125 0.065625 0.0890625
18 0.4421875 0.34765625 0.0640625 0.090625
7 0.5109375 0.34296875 0.0640625 0.0859375
3 0.58125 0.3390625 0.0640625 0.0859375
26 0.6515625 0.3359375 0.065625 0.0875
26 0.71875 0.33125 0.0625 0.0859375
23 0.78671875 0.3265625 0.0640625 0.0875
12 0.23671875 0.45546875 0.0625 0.0859375
17 0.30703125 0.45078125 0.065625 0.09375
6 0.37890625 0.44609375 0.0640625 0.0890625
32 0.44921875 0.440625 0.0640625 0.0890625
10 0.5171875 0.4375 0.0640625 0.0859375
9 0.5875 0.43125 0.0640625 0.084375
19 0.65625 0.428125 0.065625 0.0890625
23 0.7265625 0.425 0.0671875 0.090625
3 0.79375 0.421875 0.0640625 0.0859375
14 0.240625 0.55078125 0.065625 0.090625
23 0.3140625 0.54609375 0.06875 0.09375
20 0.38359375 0.54140625 0.0671875 0.090625
24 0.45546875 0.5359375 0.0640625 0.0890625
17 0.52421875 0.5328125 0.065625 0.0890625
25 0.59609375 0.528125 0.06875 0.090625
29 0.66484375 0.52265625 0.0671875 0.0921875
4 0.734375 0.51953125 0.0640625 0.0859375
27 0.8015625 0.51484375 0.0609375 0.0875
16 0.24921875 0.64921875 0.065625 0.0921875
31 0.3171875 0.64453125 0.065625 0.0921875
10 0.3890625 0.6390625 0.0640625 0.0921875
24 0.4609375 0.634375 0.06875 0.09375
32 0.53125 0.6296875 0.0625 0.0890625
22 0.60078125 0.62265625 0.065625 0.090625
4 0.67109375 0.61953125 0.0625 0.0890625
29 0.74140625 0.61640625 0.0625 0.0890625
23 0.81015625 0.61015625 0.065625 0.0875