25 0.225 0.2734375 0.0875 0.11875
25 0.71640625 0.39375 0.090625 0.11875
25 0.24140625 0.5359375 0.084375 0.1125
3 0.3203125 0.2734375 0.075 0.115625
0 0.415625 0.271875 0.0765625 0.1125
0 0.51015625 0.26171875 0.08125 0.115625
0 0.60625 0.26328125 0.078125 0.1140625
0 0.33984375 0.53359375 0.075 0.1078125
3 0.428125 0.40390625 0.0796875 0.115625
3 0.52421875 0.39453125 0.078125 0.1140625
3 0.61953125 0.39609375 0.075 0.1125
6 0.33125 0.40234375 0.08125 0.1140625
6 0.43515625 0.53203125 0.078125 0.109375
6 0.52734375 0.52578125 0.078125 0.1140625
6 0.62265625 0.52421875 0.0859375 0.1171875
9 0.34140625 0.66328125 0.078125 0.1109375
9 0.43515625 0.66328125 0.075 0.1140625
9 0.53046875 0.65546875 0.0734375 0.1109375
9 0.62421875 0.65546875 0.0734375 0.1140625
10 0.70390625 0.25859375 0.0796875 0.109375
10 0.234375 0.4046875 0.078125 0.115625
10 0.71796875 0.5234375 0.0765625 0.109375
10 0.24609375 0.66328125 0.0828125 0.1140625
25 0.72578125 0.65625 0.0890625 0.115625