16 0.2328125 0.3578125 0.0578125 0.0875
6 0.30625 0.35625 0.0625 0.0875
15 0.38125 0.35625 0.0578125 0.0859375
33 0.45625 0.35625 0.0625 0.0875
18 0.5296875 0.3546875 0.059375 0.0859375
24 0.603125 0.353125 0.0609375 0.0875
12 0.678125 0.353125 0.05625 0.0859375
9 0.7515625 0.3546875 0.059375 0.084375
10 0.825 0.3546875 0.0625 0.0859375
19 0.23125 0.459375 0.065625 0.09375
12 0.30625 0.459375 0.065625 0.0890625
10 0.38125 0.459375 0.0625 0.0859375
10 0.45625 0.4578125 0.0625 0.084375
3 0.53125 0.459375 0.0640625 0.0890625
33 0.60625 0.45625 0.0625 0.0859375
16 0.6796875 0.45625 0.059375 0.0890625
24 0.75625 0.4578125 0.059375 0.084375
14 0.83125 0.45625 0.0640625 0.090625
9 0.228125 0.5640625 0.0578125 0.0890625
7 0.303125 0.5640625 0.0625 0.090625
1 0.38125 0.5625 0.0640625 0.09375
14 0.4578125 0.5609375 0.0625 0.090625
8 0.53125 0.5609375 0.0640625 0.0875
21 0.60625 0.559375 0.065625 0.090625
1 0.684375 0.5609375 0.065625 0.0859375
26 0.7609375 0.559375 0.0609375 0.0875
23 0.834375 0.559375 0.065625 0.09375
1 0.228125 0.66875 0.065625 0.09375
15 0.30625 0.66875 0.065625 0.0921875
2 0.38125 0.66875 0.065625 0.1
15 0.45625 0.665625 0.0625 0.0921875
27 0.5328125 0.6640625 0.0640625 0.09375
28 0.6109375 0.6640625 0.0625 0.09375
4 0.6859375 0.6640625 0.0625 0.090625
3 0.7625 0.6640625 0.059375 0.0890625
29 0.8375 0.665625 0.059375 0.0875