11 0.1390625 0.25859375 0.0796875 0.115625
7 0.22890625 0.26484375 0.0828125 0.109375
26 0.32109375 0.26875 0.084375 0.1140625
33 0.41328125 0.2703125 0.08125 0.1078125
13 0.50703125 0.2734375 0.0796875 0.1125
23 0.60078125 0.278125 0.084375 0.1203125
28 0.69609375 0.28515625 0.084375 0.109375
7 0.78984375 0.28828125 0.084375 0.1140625
15 0.8828125 0.29453125 0.0796875 0.1109375
8 0.13046875 0.38515625 0.08125 0.1125
29 0.22421875 0.38984375 0.0765625 0.1078125
5 0.31328125 0.39296875 0.0796875 0.115625
24 0.41015625 0.396875 0.0796875 0.115625
10 0.49921875 0.4015625 0.0796875 0.1109375
9 0.590625 0.40625 0.078125 0.1109375
13 0.6859375 0.4125 0.08125 0.1140625
11 0.7796875 0.41640625 0.078125 0.1125
30 0.875 0.42421875 0.078125 0.1125
26 0.12421875 0.51015625 0.0796875 0.1140625
6 0.21328125 0.51328125 0.0734375 0.109375
8 0.3078125 0.52109375 0.0828125 0.1171875
5 0.4 0.52265625 0.0828125 0.11875
7 0.4921875 0.528125 0.078125 0.109375
22 0.584375 0.534375 0.071875 0.1125
26 0.6796875 0.540625 0.0828125 0.115625
12 0.7734375 0.54375 0.084375 0.115625
16 0.86953125 0.55234375 0.084375 0.1140625
30 0.115625 0.6359375 0.0765625 0.109375
16 0.2078125 0.64140625 0.071875 0.1140625
27 0.3 0.64453125 0.075 0.115625
33 0.3953125 0.65078125 0.084375 0.1125
7 0.48515625 0.65703125 0.0828125 0.1125
22 0.57890625 0.6609375 0.078125 0.1140625
27 0.67265625 0.671875 0.078125 0.1125
19 0.76796875 0.6734375 0.0890625 0.1171875
29 0.8625 0.68203125 0.0765625 0.115625