9 0.2296875 0.3578125 0.0609375 0.0859375
17 0.3015625 0.3546875 0.0625 0.0875
13 0.375 0.353125 0.0640625 0.0875
5 0.4484375 0.3515625 0.0578125 0.090625
21 0.5234375 0.3515625 0.0625 0.0890625
8 0.5953125 0.35 0.0640625 0.0890625
5 0.66875 0.3515625 0.0640625 0.0890625
9 0.7421875 0.3515625 0.0625 0.0875
30 0.815625 0.35 0.0640625 0.0890625
18 0.23125 0.45625 0.0609375 0.0890625
14 0.303125 0.45625 0.0640625 0.090625
22 0.3765625 0.4546875 0.0625 0.0890625
15 0.45 0.4546875 0.0609375 0.0890625
22 0.525 0.4515625 0.0625 0.0890625
11 0.596875 0.45 0.0625 0.090625
33 0.66875 0.45 0.0640625 0.0875
8 0.74375 0.45 0.0625 0.090625
19 0.815625 0.45 0.0625 0.0890625
15 0.23125 0.55625 0.059375 0.0921875
9 0.30625 0.55625 0.0625 0.0859375
28 0.3765625 0.5546875 0.0609375 0.0890625
31 0.4515625 0.553125 0.059375 0.0890625
26 0.5234375 0.553125 0.0625 0.0890625
24 0.596875 0.55 0.0625 0.0875
6 0.6703125 0.5515625 0.0625 0.0890625
30 0.7453125 0.5515625 0.065625 0.09375
12 0.81875 0.5515625 0.0625 0.0890625
4 0.2296875 0.6578125 0.0625 0.0890625
7 0.3046875 0.65625 0.0609375 0.0890625
25 0.378125 0.65625 0.0640625 0.09375
15 0.453125 0.6546875 0.0625 0.0890625
12 0.5265625 0.6546875 0.0625 0.0890625
14 0.6 0.653125 0.065625 0.0921875
11 0.6734375 0.653125 0.0578125 0.0890625
21 0.7484375 0.6546875 0.0625 0.0875
21 0.8234375 0.6515625 0.0625 0.0875