30 0.1984375 0.3453125 0.0640625 0.09375
19 0.2765625 0.3421875 0.06875 0.0953125
26 0.3546875 0.340625 0.065625 0.09375
0 0.4328125 0.3375 0.0640625 0.09375
32 0.5125 0.3390625 0.065625 0.090625
6 0.5875 0.3375 0.0671875 0.0953125
21 0.66875 0.3390625 0.0671875 0.09375
32 0.7453125 0.3375 0.0640625 0.090625
19 0.8234375 0.3359375 0.065625 0.09375
20 0.2015625 0.453125 0.0671875 0.096875
29 0.2796875 0.4515625 0.065625 0.09375
16 0.3578125 0.45 0.0671875 0.0921875
7 0.4375 0.45 0.06875 0.09375
28 0.5140625 0.446875 0.065625 0.0875
2 0.590625 0.446875 0.0671875 0.096875
1 0.6703125 0.44375 0.0671875 0.090625
23 0.7484375 0.446875 0.065625 0.090625
4 0.825 0.446875 0.065625 0.0875
11 0.2015625 0.5578125 0.0640625 0.0953125
4 0.2796875 0.5578125 0.06875 0.090625
20 0.359375 0.55625 0.065625 0.09375
10 0.4390625 0.553125 0.065625 0.09375
6 0.5171875 0.5546875 0.065625 0.0890625
11 0.5921875 0.553125 0.0640625 0.09375
26 0.6703125 0.553125 0.065625 0.09375
18 0.746875 0.55 0.0640625 0.0953125
2 0.825 0.5515625 0.06875 0.0984375
23 0.203125 0.6671875 0.06875 0.09375
27 0.2828125 0.665625 0.065625 0.0953125
12 0.3609375 0.6625 0.0703125 0.0953125
16 0.4375 0.6609375 0.0640625 0.0921875
19 0.5171875 0.659375 0.06875 0.0953125
27 0.59375 0.6578125 0.0640625 0.09375
31 0.671875 0.659375 0.0609375 0.090625
33 0.7515625 0.659375 0.0625 0.090625
29 0.828125 0.6578125 0.0625 0.0875