20 0.31796875 0.834375 0.1109375 0.0734375
16 0.43984375 0.82890625 0.109375 0.0703125
7 0.56015625 0.82734375 0.1046875 0.071875
22 0.67890625 0.8234375 0.1078125 0.075
33 0.31875 0.7484375 0.1046875 0.0765625
23 0.43828125 0.74140625 0.109375 0.075
31 0.55703125 0.73828125 0.1046875 0.0703125
25 0.67421875 0.734375 0.1078125 0.0765625
0 0.31328125 0.6578125 0.1078125 0.075
22 0.43515625 0.65390625 0.10625 0.0703125
29 0.55703125 0.65390625 0.1015625 0.0703125
20 0.67265625 0.6484375 0.10625 0.0703125
27 0.3109375 0.5703125 0.1078125 0.075
6 0.43359375 0.56484375 0.1125 0.0734375
17 0.55390625 0.56328125 0.109375 0.078125
33 0.67109375 0.559375 0.10625 0.075
16 0.3078125 0.48125 0.109375 0.06875
8 0.43125 0.4796875 0.1125 0.078125
1 0.54765625 0.47421875 0.1015625 0.0796875
30 0.66953125 0.4734375 0.10625 0.075
24 0.3046875 0.39375 0.1078125 0.075
23 0.425 0.3890625 0.1109375 0.0765625
20 0.54765625 0.38671875 0.10625 0.078125
24 0.67109375 0.3828125 0.1046875 0.075
12 0.2984375 0.303125 0.109375 0.0765625
11 0.42421875 0.2984375 0.109375 0.075
23 0.54609375 0.29609375 0.1078125 0.0796875
18 0.66796875 0.2921875 0.10625 0.0765625
11 0.2984375 0.2109375 0.109375 0.0703125
17 0.42109375 0.2046875 0.1109375 0.0765625
11 0.54453125 0.20390625 0.109375 0.0734375
15 0.66796875 0.2015625 0.109375 0.0703125
15 0.29609375 0.11875 0.109375 0.0703125
2 0.42109375 0.115625 0.115625 0.078125
32 0.54453125 0.11484375 0.109375 0.075
13 0.66796875 0.109375 0.10625 0.0734375