21 0.32265625 0.28671875 0.0609375 0.08125
12 0.38671875 0.2921875 0.0578125 0.0796875
24 0.4484375 0.30078125 0.0578125 0.0828125
17 0.5109375 0.3046875 0.0625 0.0796875
32 0.57265625 0.31640625 0.05625 0.075
1 0.63671875 0.321875 0.0609375 0.08125
15 0.15859375 0.61796875 0.0609375 0.084375
18 0.2234375 0.6296875 0.0609375 0.0828125
21 0.2875 0.63359375 0.0609375 0.0796875
10 0.35078125 0.646875 0.0578125 0.0828125
19 0.41484375 0.64609375 0.0625 0.0828125
22 0.47890625 0.6546875 0.0578125 0.08125
25 0.5421875 0.6625 0.0625 0.08125
28 0.60390625 0.671875 0.059375 0.0796875
29 0.66640625 0.67734375 0.0609375 0.0796875
29 0.72890625 0.68125 0.053125 0.075
12 0.8944474124999999 0.6626012718750001 0.8429730890625 0.6633260796875 0.8425199375 0.7382243734375 0.8914000046874999 0.7372725953125 0.8944474124999999 0.6626012718750001