2 0.18984375 0.2609375 0.084375 0.1109375
26 0.2703125 0.271875 0.08125 0.10625
23 0.35390625 0.28515625 0.0828125 0.1078125
15 0.43671875 0.2984375 0.078125 0.10625
15 0.5171875 0.3125 0.08125 0.10625
31 0.5953125 0.3265625 0.075 0.1
7 0.67734375 0.33828125 0.08125 0.1046875
14 0.759375 0.353125 0.0828125 0.10625
9 0.83828125 0.3640625 0.075 0.103125
7 0.1703125 0.371875 0.0796875 0.1046875
6 0.25390625 0.38515625 0.078125 0.1046875
2 0.3359375 0.3984375 0.0875 0.1109375
11 0.41796875 0.4109375 0.0828125 0.1109375
31 0.4984375 0.421875 0.0765625 0.1046875
8 0.578125 0.43828125 0.084375 0.1109375
19 0.66015625 0.44921875 0.0859375 0.1109375
8 0.73984375 0.46328125 0.0828125 0.109375
24 0.8203125 0.475 0.078125 0.103125
0 0.1515625 0.48125 0.078125 0.1046875
27 0.23671875 0.49609375 0.078125 0.103125
33 0.31640625 0.50859375 0.0796875 0.1015625
26 0.4 0.521875 0.0796875 0.109375
29 0.48203125 0.53359375 0.0765625 0.103125
26 0.5609375 0.54609375 0.0765625 0.1046875
14 0.64140625 0.55703125 0.0796875 0.1046875
30 0.72265625 0.5734375 0.0765625 0.1046875
13 0.803125 0.584375 0.08125 0.1078125
1 0.13671875 0.59609375 0.084375 0.109375
3 0.2171875 0.60546875 0.08125 0.1046875
23 0.30234375 0.6203125 0.0875 0.1078125
5 0.3828125 0.63203125 0.0828125 0.109375
16 0.4640625 0.64453125 0.0765625 0.1046875
33 0.54453125 0.65703125 0.084375 0.1015625
22 0.625 0.671875 0.0828125 0.10625
0 0.70390625 0.6828125 0.075 0.1015625
18 0.78515625 0.696875 0.0765625 0.1046875