28 0.221875 0.3265625 0.0671875 0.090625
13 0.296875 0.33046875 0.065625 0.0953125
0 0.371875 0.33671875 0.0703125 0.0921875
4 0.446875 0.33984375 0.065625 0.0953125
27 0.5203125 0.34296875 0.065625 0.09375
2 0.59609375 0.35 0.075 0.0984375
16 0.67109375 0.35625 0.071875 0.09375
13 0.74609375 0.36015625 0.06875 0.0921875
22 0.821875 0.36796875 0.0703125 0.0921875
6 0.21171875 0.42734375 0.06875 0.0921875
5 0.28828125 0.43125 0.0671875 0.096875
4 0.3625 0.4359375 0.0671875 0.0921875
20 0.4375 0.44140625 0.0671875 0.09375
32 0.5125 0.44765625 0.0703125 0.09375
19 0.5890625 0.453125 0.0734375 0.09375
8 0.66484375 0.459375 0.0734375 0.0953125
31 0.73984375 0.46484375 0.0671875 0.09375
28 0.81796875 0.46953125 0.071875 0.090625
23 0.20078125 0.53046875 0.071875 0.0984375
25 0.27734375 0.53359375 0.075 0.1
26 0.35390625 0.5390625 0.0671875 0.096875
18 0.43203125 0.54609375 0.06875 0.0953125
24 0.50859375 0.54921875 0.071875 0.096875
10 0.58125 0.55546875 0.0703125 0.0953125
26 0.659375 0.5625 0.071875 0.096875
31 0.73671875 0.56953125 0.0703125 0.09375
2 0.81328125 0.57578125 0.0765625 0.103125
27 0.18984375 0.6359375 0.071875 0.0953125
30 0.26796875 0.63984375 0.06875 0.0984375
11 0.34453125 0.64453125 0.06875 0.1
15 0.42109375 0.6515625 0.065625 0.1
14 0.49921875 0.65703125 0.075 0.1015625
16 0.575 0.66328125 0.071875 0.1
17 0.6546875 0.66875 0.075 0.103125
0 0.7328125 0.67421875 0.0671875 0.1015625
20 0.80859375 0.68046875 0.071875 0.0984375