3 0.309375 0.165625 0.103125 0.071875
28 0.42265625 0.15234375 0.1046875 0.0765625
20 0.5359375 0.1359375 0.1078125 0.075
23 0.65078125 0.12578125 0.10625 0.0765625
18 0.31484375 0.24765625 0.1046875 0.071875
21 0.4296875 0.23515625 0.10625 0.08125
5 0.54375 0.225 0.109375 0.0734375
15 0.659375 0.21015625 0.1078125 0.0734375
29 0.3265625 0.33046875 0.103125 0.0703125
32 0.43828125 0.31875 0.1015625 0.071875
9 0.55390625 0.30703125 0.1046875 0.071875
4 0.6640625 0.29453125 0.103125 0.0765625
12 0.334375 0.4140625 0.1046875 0.0734375
3 0.44609375 0.403125 0.1 0.071875
22 0.5578125 0.39296875 0.1046875 0.0703125
10 0.67265625 0.3796875 0.10625 0.075
32 0.35234375 0.58828125 0.103125 0.071875
11 0.4625 0.57578125 0.1078125 0.0796875
3 0.575 0.5671875 0.1046875 0.075
18 0.69140625 0.55546875 0.109375 0.0765625
3 0.359375 0.6703125 0.1 0.0734375
20 0.4734375 0.659375 0.1046875 0.0765625
12 0.58359375 0.64765625 0.1046875 0.071875
8 0.70078125 0.640625 0.1078125 0.0765625
29 0.3703125 0.753125 0.096875 0.075
2 0.48203125 0.74296875 0.1109375 0.0796875
21 0.5921875 0.73203125 0.103125 0.0765625
12 0.70625 0.7234375 0.1015625 0.075
13 0.37578125 0.834375 0.096875 0.0765625
1 0.4890625 0.82421875 0.1015625 0.0796875
31 0.603125 0.815625 0.1015625 0.06875
24 0.7171875 0.80859375 0.103125 0.071875