29 0.17421875 0.33671875 0.065625 0.0890625
29 0.171875 0.43828125 0.0640625 0.0890625
29 0.16875 0.53828125 0.0625 0.0875
29 0.165625 0.63671875 0.0640625 0.0890625
29 0.61171875 0.35390625 0.0625 0.0890625
29 0.6078125 0.45390625 0.059375 0.0875
29 0.603125 0.55234375 0.0625 0.0859375
29 0.59765625 0.65 0.0625 0.084375
28 0.32109375 0.3390625 0.0625 0.0875
28 0.3171875 0.44375 0.06875 0.0875
28 0.3140625 0.5421875 0.0671875 0.0890625
28 0.3125 0.640625 0.065625 0.0875
32 0.39453125 0.34296875 0.065625 0.090625
32 0.3921875 0.44453125 0.065625 0.090625
32 0.3875 0.54296875 0.0671875 0.0875
32 0.384375 0.64140625 0.065625 0.0890625
33 0.46796875 0.346875 0.065625 0.090625
33 0.4640625 0.4484375 0.065625 0.0859375
33 0.459375 0.546875 0.0671875 0.0875
33 0.45703125 0.6453125 0.065625 0.0875
31 0.53984375 0.3484375 0.065625 0.0875
31 0.534375 0.4515625 0.0625 0.0875
31 0.53125 0.54921875 0.0625 0.0890625
31 0.52734375 0.64921875 0.059375 0.0875
30 0.68359375 0.35625 0.0640625 0.0875
30 0.6796875 0.45625 0.0640625 0.090625
30 0.675 0.5546875 0.0609375 0.0875
30 0.67109375 0.653125 0.0609375 0.0875
27 0.753125 0.36015625 0.059375 0.0890625
27 0.75 0.45859375 0.059375 0.084375
27 0.7453125 0.55859375 0.0578125 0.0875
27 0.73984375 0.65546875 0.0578125 0.0875