20 0.3125 0.83125 0.109375 0.071875
16 0.434375 0.828125 0.1078125 0.06875
7 0.5546875 0.828125 0.103125 0.0703125
22 0.6734375 0.8265625 0.10625 0.0734375
33 0.3140625 0.7453125 0.103125 0.075
23 0.434375 0.740625 0.1078125 0.0734375
31 0.553125 0.7390625 0.103125 0.06875
25 0.6703125 0.7375 0.10625 0.075
0 0.3109375 0.6546875 0.10625 0.0734375
22 0.4328125 0.653125 0.1046875 0.06875
29 0.5546875 0.6546875 0.1 0.06875
20 0.6703125 0.6515625 0.1046875 0.06875
27 0.309375 0.5671875 0.10625 0.0734375
6 0.4328125 0.5640625 0.1109375 0.071875
17 0.553125 0.5640625 0.1078125 0.0765625
33 0.6703125 0.5625 0.1046875 0.0734375
16 0.3078125 0.478125 0.1078125 0.0671875
8 0.43125 0.478125 0.1109375 0.0765625
1 0.5484375 0.475 0.1 0.078125
30 0.6703125 0.4765625 0.1046875 0.0734375
24 0.30625 0.390625 0.10625 0.0734375
23 0.4265625 0.3875 0.109375 0.075
20 0.55 0.3875 0.1046875 0.0765625
24 0.6734375 0.3859375 0.103125 0.0734375
12 0.3015625 0.3 0.1078125 0.075
11 0.428125 0.296875 0.1078125 0.0734375
23 0.55 0.296875 0.10625 0.078125
18 0.671875 0.2953125 0.1046875 0.075
11 0.303125 0.2078125 0.1078125 0.06875
17 0.4265625 0.203125 0.109375 0.075
11 0.55 0.2046875 0.1078125 0.071875
15 0.6734375 0.2046875 0.1078125 0.06875
15 0.303125 0.115625 0.1078125 0.06875
2 0.428125 0.1140625 0.1140625 0.0765625
32 0.5515625 0.115625 0.1078125 0.0734375
13 0.675 0.1125 0.1046875 0.071875