2 0.19765625 0.3484375 0.0609375 0.0796875
0 0.25625 0.340625 0.0625 0.0796875
1 0.31640625 0.33125 0.0625 0.078125
9 0.1375 0.7 0.0640625 0.08125
12 0.19921875 0.68828125 0.0609375 0.08125
15 0.259375 0.68046875 0.0609375 0.0796875
24 0.31796875 0.66953125 0.0609375 0.0796875
7 0.378125 0.66015625 0.0625 0.08125
10 0.4390625 0.65546875 0.059375 0.0765625
13 0.49765625 0.64609375 0.059375 0.078125
11 0.55625 0.63515625 0.059375 0.08125
11 0.6109375 0.6203125 0.0546875 0.0796875
17 0.67109375 0.6203125 0.0609375 0.078125
20 0.7296875 0.6109375 0.059375 0.078125
29 0.78671875 0.603125 0.05625 0.0734375
29 0.84296875 0.59921875 0.053125 0.075
14 0.9421875 0.58515625 0.05625 0.078125