33 0.29375 0.3109375 0.0625 0.0796875
26 0.3578125 0.3125 0.065625 0.084375
24 0.42109375 0.3203125 0.0625 0.0796875
25 0.48515625 0.328125 0.065625 0.0828125
0 0.08984375 0.62421875 0.0625 0.0828125
6 0.15703125 0.6296875 0.0625 0.0859375
12 0.221875 0.6375 0.0609375 0.084375
12 0.2875 0.640625 0.0640625 0.0859375
15 0.35078125 0.6484375 0.059375 0.084375
10 0.4140625 0.6609375 0.0640625 0.084375
13 0.4765625 0.6671875 0.0609375 0.084375
17 0.5390625 0.6796875 0.0609375 0.084375
20 0.6015625 0.6890625 0.0625 0.0828125
28 0.66484375 0.696875 0.0578125 0.0796875
16 0.77265625 0.703125 0.059375 0.08125