2 0.225 0.303125 0.05 0.0734375
0 0.284375 0.3046875 0.0515625 0.071875
1 0.3453125 0.3046875 0.0515625 0.0703125
9 0.1109375 0.640625 0.053125 0.0734375
12 0.1734375 0.6390625 0.05 0.075
15 0.234375 0.640625 0.05 0.0734375
24 0.29375 0.6390625 0.05 0.0734375
7 0.3546875 0.6390625 0.0515625 0.0734375
10 0.415625 0.64375 0.0484375 0.0703125
13 0.475 0.64375 0.0484375 0.071875
11 0.534375 0.6421875 0.0484375 0.075
11 0.590625 0.6359375 0.04375 0.0734375
17 0.65 0.6453125 0.05 0.071875
20 0.709375 0.6453125 0.0484375 0.071875
29 0.7671875 0.646875 0.046875 0.0671875
29 0.8234375 0.6515625 0.0421875 0.06875
14 0.9234375 0.653125 0.0453125 0.071875