20 0.3421875 0.84609375 0.115625 0.08125
16 0.46328125 0.8328125 0.1140625 0.078125
7 0.5828125 0.821875 0.109375 0.0796875
22 0.7015625 0.81015625 0.1125 0.0828125
33 0.3359375 0.7609375 0.109375 0.084375
23 0.45546875 0.7453125 0.1140625 0.0828125
31 0.5734375 0.73359375 0.109375 0.078125
25 0.690625 0.721875 0.1125 0.084375
0 0.325 0.6703125 0.1125 0.0828125
22 0.44609375 0.65859375 0.1109375 0.078125
29 0.56796875 0.64921875 0.10625 0.0765625
20 0.6828125 0.6359375 0.1109375 0.078125
27 0.315625 0.58359375 0.1125 0.0828125
6 0.43828125 0.56953125 0.1171875 0.08125
17 0.55859375 0.559375 0.1140625 0.0859375
33 0.675 0.54765625 0.1109375 0.0828125
16 0.30625 0.4953125 0.1125 0.0765625
8 0.4296875 0.484375 0.1171875 0.0859375
1 0.54609375 0.47109375 0.10625 0.0859375
30 0.66796875 0.46171875 0.1109375 0.0828125
24 0.29765625 0.4078125 0.1125 0.0828125
23 0.4171875 0.39453125 0.115625 0.084375
20 0.53984375 0.38359375 0.1109375 0.0859375
24 0.6625 0.37109375 0.109375 0.0828125
12 0.28515625 0.31796875 0.1140625 0.084375
11 0.4109375 0.30390625 0.1140625 0.0828125
23 0.53203125 0.29296875 0.1125 0.0875
18 0.653125 0.28125 0.1109375 0.084375
11 0.278125 0.22578125 0.1140625 0.078125
17 0.40078125 0.2109375 0.115625 0.084375
11 0.52421875 0.2015625 0.1140625 0.08125
15 0.646875 0.190625 0.1140625 0.078125
15 0.2703125 0.134375 0.1140625 0.078125
2 0.39453125 0.121875 0.1203125 0.0859375
32 0.51796875 0.1125 0.1140625 0.0828125
13 0.640625 0.0984375 0.1109375 0.08125