29 0.1546875 0.38359375 0.071875 0.09375
29 0.1671875 0.484375 0.0703125 0.09375
29 0.17734375 0.584375 0.06875 0.0921875
29 0.1875 0.68203125 0.0703125 0.09375
29 0.58984375 0.33984375 0.06875 0.09375
29 0.60078125 0.4390625 0.065625 0.090625
29 0.609375 0.5375 0.0671875 0.090625
29 0.61796875 0.63515625 0.0671875 0.0890625
28 0.30078125 0.365625 0.06875 0.0921875
28 0.31171875 0.46953125 0.075 0.0921875
28 0.321875 0.5671875 0.0734375 0.09375
28 0.33359375 0.66484375 0.071875 0.0921875
32 0.3734375 0.359375 0.071875 0.0953125
32 0.3859375 0.46015625 0.071875 0.0953125
32 0.39453125 0.55859375 0.0734375 0.0921875
32 0.4046875 0.65625 0.071875 0.09375
33 0.446875 0.353125 0.071875 0.0953125
33 0.4578125 0.45390625 0.0703125 0.090625
33 0.46640625 0.55234375 0.0734375 0.0921875
33 0.478125 0.65 0.071875 0.0921875
31 0.51796875 0.34375 0.071875 0.0921875
31 0.52734375 0.446875 0.06875 0.0921875
31 0.5375 0.54453125 0.06875 0.09375
31 0.5484375 0.64453125 0.065625 0.090625
30 0.66171875 0.33203125 0.0703125 0.0921875
30 0.671875 0.43203125 0.0703125 0.0953125
30 0.68046875 0.5296875 0.0671875 0.0921875
30 0.690625 0.62734375 0.0671875 0.0921875
27 0.73125 0.3265625 0.065625 0.0921875
27 0.7421875 0.42421875 0.0640625 0.0875
27 0.75078125 0.52421875 0.0640625 0.090625
27 0.759375 0.6203125 0.0640625 0.090625