28 0.19453125 0.26015625 0.0765625 0.1015625
15 0.28046875 0.265625 0.071875 0.1046875
10 0.36328125 0.271875 0.075 0.10625
23 0.446875 0.27890625 0.0796875 0.1078125
29 0.53125 0.2859375 0.075 0.1015625
25 0.615625 0.290625 0.08125 0.103125
12 0.7015625 0.29765625 0.0765625 0.1078125
19 0.78671875 0.30546875 0.0828125 0.109375
6 0.87265625 0.31328125 0.0765625 0.1078125
2 0.1890625 0.37578125 0.0796875 0.1109375
30 0.2703125 0.3828125 0.075 0.103125
20 0.3546875 0.38671875 0.0765625 0.1078125
22 0.43984375 0.39453125 0.08125 0.109375
14 0.52265625 0.4 0.078125 0.1109375
32 0.60703125 0.40859375 0.071875 0.1046875
8 0.6921875 0.41796875 0.08125 0.109375
17 0.778125 0.42265625 0.078125 0.10625
22 0.8625 0.4296875 0.0765625 0.1078125
9 0.18046875 0.490625 0.071875 0.103125
18 0.26484375 0.496875 0.0765625 0.1078125
7 0.34765625 0.50390625 0.078125 0.109375
29 0.43046875 0.5078125 0.0796875 0.1015625
24 0.5125 0.515625 0.0703125 0.1015625
24 0.596875 0.52265625 0.071875 0.1046875
28 0.68203125 0.53125 0.078125 0.1015625
1 0.76796875 0.5390625 0.0796875 0.10625
31 0.85390625 0.5453125 0.0703125 0.1
21 0.17265625 0.6046875 0.0765625 0.10625
9 0.2546875 0.61171875 0.075 0.103125
5 0.3375 0.615625 0.075 0.10625
12 0.421875 0.621875 0.071875 0.1046875
10 0.5046875 0.62578125 0.071875 0.1
4 0.59140625 0.63828125 0.071875 0.103125
28 0.67265625 0.6453125 0.075 0.103125
15 0.7578125 0.653125 0.0796875 0.10625
10 0.8421875 0.66015625 0.0734375 0.1