6 0.1796875 0.309375 0.065625 0.096875
5 0.2625 0.31015625 0.0703125 0.0984375
18 0.340625 0.31171875 0.0640625 0.1015625
29 0.4203125 0.3140625 0.0609375 0.09375
29 0.5 0.3171875 0.06875 0.0921875
29 0.5796875 0.31796875 0.0671875 0.0953125
11 0.6609375 0.31953125 0.0703125 0.096875
1 0.7421875 0.32265625 0.071875 0.0953125
3 0.8265625 0.325 0.0671875 0.09375
26 0.17890625 0.4203125 0.065625 0.0953125
19 0.25859375 0.42265625 0.0703125 0.096875
16 0.33671875 0.42265625 0.0640625 0.0921875
20 0.41640625 0.4234375 0.071875 0.096875
9 0.49765625 0.4265625 0.06875 0.0921875
32 0.57734375 0.42890625 0.0671875 0.0953125
27 0.65546875 0.43046875 0.065625 0.09375
0 0.73984375 0.43359375 0.06875 0.0953125
27 0.81953125 0.434375 0.0625 0.096875
12 0.17734375 0.528125 0.06875 0.1
12 0.25859375 0.52890625 0.06875 0.0984375
25 0.33671875 0.53046875 0.071875 0.096875
24 0.41640625 0.53125 0.06875 0.096875
4 0.4953125 0.5359375 0.0625 0.0953125
10 0.575 0.53671875 0.0703125 0.0953125
17 0.65625 0.53984375 0.071875 0.096875
32 0.7375 0.54296875 0.065625 0.0921875
11 0.8203125 0.5453125 0.0671875 0.096875
29 0.175 0.6375 0.065625 0.0953125
5 0.253125 0.63828125 0.0625 0.0984375
21 0.3328125 0.63984375 0.0671875 0.0984375
17 0.4140625 0.64375 0.0703125 0.096875
20 0.49375 0.6453125 0.0703125 0.096875
19 0.57421875 0.64921875 0.071875 0.0984375
33 0.65390625 0.65234375 0.071875 0.096875
16 0.73515625 0.65390625 0.06875 0.0953125
18 0.81640625 0.65625 0.065625 0.1015625