2 0.175 0.340625 0.0671875 0.0953125
2 0.175 0.446875 0.065625 0.0953125
2 0.175 0.5515625 0.065625 0.09375
2 0.1765625 0.6578125 0.065625 0.096875
5 0.2515625 0.340625 0.065625 0.0953125
5 0.253125 0.446875 0.0640625 0.0953125
5 0.253125 0.55 0.065625 0.09375
5 0.253125 0.65625 0.065625 0.0953125
8 0.3296875 0.340625 0.0671875 0.09375
8 0.3296875 0.4453125 0.0703125 0.096875
8 0.33125 0.5515625 0.0703125 0.09375
8 0.3296875 0.6578125 0.0671875 0.09375
11 0.4078125 0.340625 0.0671875 0.09375
11 0.4078125 0.4453125 0.0640625 0.090625
11 0.4078125 0.5515625 0.0640625 0.0921875
11 0.409375 0.65625 0.065625 0.090625
14 0.484375 0.3421875 0.065625 0.096875
14 0.484375 0.446875 0.0640625 0.09375
14 0.484375 0.55 0.0625 0.090625
14 0.484375 0.6546875 0.0640625 0.090625
17 0.559375 0.3421875 0.065625 0.09375
17 0.5609375 0.4453125 0.0625 0.090625
17 0.5609375 0.5484375 0.0640625 0.090625
17 0.5609375 0.653125 0.065625 0.090625
20 0.6359375 0.340625 0.065625 0.0921875
20 0.6375 0.4453125 0.0640625 0.090625
20 0.6359375 0.5484375 0.0625 0.0890625
20 0.6359375 0.6515625 0.0625 0.0890625
23 0.709375 0.340625 0.065625 0.09375
23 0.7125 0.44375 0.0625 0.0890625
23 0.7125 0.5484375 0.0640625 0.0921875
23 0.7125 0.6515625 0.065625 0.0890625
26 0.7828125 0.340625 0.059375 0.090625
26 0.784375 0.4453125 0.05625 0.0890625
26 0.7859375 0.546875 0.0578125 0.090625
26 0.7859375 0.65 0.0578125 0.0875