2 0.15625 0.3125 0.06875 0.1015625
26 0.2375 0.3109375 0.0671875 0.096875
23 0.321875 0.3109375 0.06875 0.0984375
15 0.40625 0.3109375 0.0640625 0.096875
15 0.4875 0.3125 0.0671875 0.096875
31 0.5671875 0.3140625 0.0609375 0.0921875
7 0.65 0.3125 0.0671875 0.0953125
14 0.7328125 0.3140625 0.06875 0.096875
9 0.8125 0.3125 0.0609375 0.0953125
7 0.1546875 0.425 0.065625 0.0953125
6 0.2390625 0.425 0.0640625 0.0953125
2 0.321875 0.425 0.071875 0.1015625
11 0.4046875 0.425 0.0671875 0.1015625
31 0.4859375 0.4234375 0.0625 0.096875
8 0.5671875 0.4265625 0.06875 0.1015625
19 0.65 0.425 0.0703125 0.1015625
8 0.73125 0.4265625 0.06875 0.1
24 0.8125 0.425 0.0640625 0.09375
0 0.153125 0.5359375 0.0640625 0.0953125
27 0.2390625 0.5375 0.0640625 0.09375
33 0.3203125 0.5375 0.065625 0.0921875
26 0.4046875 0.5375 0.065625 0.1
29 0.4875 0.5359375 0.0625 0.09375
26 0.5671875 0.5359375 0.0625 0.0953125
14 0.6484375 0.534375 0.065625 0.0953125
30 0.73125 0.5375 0.0625 0.0953125
13 0.8125 0.5359375 0.0671875 0.0984375
1 0.15625 0.6515625 0.0703125 0.1
3 0.2375 0.6484375 0.0671875 0.0953125
23 0.3234375 0.65 0.0734375 0.096875
5 0.4046875 0.6484375 0.06875 0.1
16 0.4875 0.6484375 0.0625 0.096875
33 0.56875 0.6484375 0.0703125 0.0921875
22 0.65 0.65 0.06875 0.096875
0 0.7296875 0.6484375 0.0609375 0.09375
18 0.8125 0.65 0.0625 0.096875