31 0.27109375 0.34375 0.059375 0.078125
1 0.328125 0.33359375 0.0609375 0.078125
27 0.38671875 0.3234375 0.059375 0.0734375
30 0.4453125 0.31484375 0.059375 0.078125
10 0.50234375 0.3046875 0.059375 0.075
25 0.5578125 0.29609375 0.0625 0.075
22 0.28359375 0.42265625 0.0578125 0.078125
0 0.15577721093750002 0.6523662234375001 0.1108718734375 0.6576399046875 0.11780156875 0.7269337515625 0.166578584375 0.7236217265625 0.15577721093750002 0.6523662234375001
6 0.2166235640625 0.642518815625 0.1710140953125 0.6487981015625001 0.179250865625 0.7205058140625 0.22827980625 0.7136235828124999 0.2166235640625 0.642518815625
12 0.2780728609375 0.6360908796875 0.229043921875 0.6429731125 0.2403986921875 0.71236814375 0.28786863125 0.706642253125 0.2780728609375 0.6360908796875
15 0.33384164375 0.6174428734374999 0.2868239140625 0.6257333671875001 0.2963182109375 0.694575003125 0.3468049625 0.6909615062500001 0.33384164375 0.6174428734374999
15 0.3952909421875 0.6110149359375 0.347116871875 0.61774643125 0.35505216875 0.6877444078125 0.405489371875 0.6788509687500001 0.3952909421875 0.6110149359375
5 0.4642233296875 0.6720203734375 0.454427559375 0.601469003125 0.4284800515625 0.6042813546875 0.40554935625 0.6092061015625 0.4186138625 0.678299659375 0.44058850312500003 0.677950725 0.4642233296875 0.6720203734375
11 0.511854440625 0.5922245390625 0.4645352375 0.5988052984375 0.474079084375 0.672926878125 0.5242148140625 0.662323703125 0.511854440625 0.5922245390625
14 0.5775739046874999 0.615012846875 0.567873059375 0.5849912859375 0.5207045921875 0.5924269140625 0.530801834375 0.6646880203125 0.583099509375 0.6563479765625 0.5775739046874999 0.615012846875
17 0.6281832296875 0.5737693453125 0.5796402281249999 0.5817411546875 0.59116225 0.6537510359375001 0.6414149874999999 0.645477753125 0.6281832296875 0.5737693453125
20 0.6392469609375 0.5665298296875 0.6486572859375 0.6365615359375 0.69760225 0.6308693734374999 0.6877899640625 0.5585580203125 0.6392469609375 0.5665298296875
26 0.7465913796875 0.548777375 0.69603716875 0.5553409234375 0.7049780718750001 0.6260430296874999 0.756202684375 0.6199489046875 0.7465913796875 0.548777375
28 0.7575518390625 0.5609478984375 0.7658223375000001 0.6311805859375 0.8139964093750001 0.624449090625 0.803848225 0.5568980156250001 0.7575518390625 0.5609478984375
32 0.8148775328125 0.5561285109375 0.8240538421875 0.62150043125 0.8689089328125 0.6159417921875 0.8605709765625 0.5486591562500001 0.8148775328125 0.5561285109375
11 0.9405596234375 0.5357302609375 0.9425280578124999 0.6035483859374999 0.9875166734375 0.6020796234375 0.984106940625 0.5327527437499999 0.9405596234375 0.5357302609375