1 0.1671875 0.32109375 0.0703125 0.096875
1 0.16484375 0.43046875 0.0703125 0.0953125
1 0.1609375 0.53515625 0.071875 0.09375
1 0.15859375 0.64609375 0.0703125 0.0984375
4 0.246875 0.32421875 0.0671875 0.096875
4 0.24296875 0.4328125 0.065625 0.09375
4 0.240625 0.540625 0.0671875 0.0921875
4 0.23671875 0.646875 0.0671875 0.0921875
7 0.325 0.325 0.06875 0.096875
7 0.32109375 0.434375 0.0671875 0.09375
7 0.31875 0.54375 0.0734375 0.0953125
7 0.31484375 0.6484375 0.071875 0.0953125
10 0.4046875 0.328125 0.0703125 0.096875
10 0.40078125 0.4390625 0.0703125 0.0921875
10 0.3984375 0.54609375 0.0703125 0.0921875
10 0.39296875 0.65390625 0.0671875 0.0921875
13 0.4828125 0.33046875 0.0734375 0.1015625
13 0.48046875 0.43984375 0.0703125 0.096875
13 0.4765625 0.54921875 0.0671875 0.09375
13 0.47109375 0.65546875 0.0671875 0.096875
16 0.56171875 0.33359375 0.0703125 0.1
16 0.55859375 0.44453125 0.065625 0.0953125
16 0.5546875 0.55 0.06875 0.09375
16 0.55078125 0.659375 0.0671875 0.096875
19 0.63984375 0.3375 0.0734375 0.1
19 0.63828125 0.4453125 0.0703125 0.096875
19 0.6328125 0.5546875 0.0703125 0.0984375
19 0.62890625 0.659375 0.0703125 0.096875
22 0.72109375 0.3390625 0.06875 0.096875
22 0.7171875 0.4484375 0.06875 0.096875
22 0.7125 0.55625 0.0703125 0.0984375
22 0.70703125 0.66328125 0.065625 0.096875
25 0.79921875 0.34140625 0.0734375 0.1
25 0.79375 0.44921875 0.071875 0.0953125
25 0.790625 0.55703125 0.06875 0.096875
25 0.78515625 0.66484375 0.0703125 0.0984375