15 0.10234375 0.31015625 0.0828125 0.115625
16 0.190625 0.3 0.0796875 0.1125
19 0.28125 0.29140625 0.0890625 0.1171875
1 0.37109375 0.28203125 0.084375 0.1140625
31 0.4609375 0.27265625 0.084375 0.1109375
9 0.5515625 0.26328125 0.084375 0.1125
2 0.64296875 0.25546875 0.084375 0.1203125
29 0.73359375 0.24765625 0.08125 0.1109375
8 0.821875 0.23828125 0.0859375 0.115625
7 0.11484375 0.43515625 0.0859375 0.1109375
26 0.203125 0.42421875 0.0828125 0.1125
15 0.29453125 0.4140625 0.0796875 0.1109375
11 0.38046875 0.40546875 0.078125 0.1140625
18 0.4734375 0.396875 0.0796875 0.1203125
0 0.5640625 0.390625 0.084375 0.115625
31 0.65625 0.38125 0.078125 0.109375
28 0.74453125 0.371875 0.0828125 0.1125
27 0.834375 0.3609375 0.0765625 0.1140625
3 0.12734375 0.5578125 0.084375 0.109375
23 0.8484375 0.48671875 0.0859375 0.1140625
14 0.75859375 0.49453125 0.0859375 0.1171875
18 0.66640625 0.50234375 0.084375 0.1171875
33 0.575 0.5125 0.08125 0.1125
12 0.4859375 0.5203125 0.08125 0.1125
10 0.39609375 0.5296875 0.0828125 0.1125
23 0.30546875 0.5390625 0.0859375 0.115625
9 0.215625 0.546875 0.08125 0.1125
15 0.1390625 0.68046875 0.078125 0.115625
7 0.2265625 0.66953125 0.08125 0.1125
33 0.31640625 0.66171875 0.084375 0.109375
32 0.40703125 0.65234375 0.078125 0.1078125
20 0.4984375 0.64453125 0.0859375 0.1125
2 0.58671875 0.63515625 0.0859375 0.11875
27 0.67578125 0.62578125 0.0796875 0.1140625
33 0.76875 0.61640625 0.0796875 0.1078125
28 0.8609375 0.609375 0.0796875 0.1078125