19 0.271875 0.8765625 0.115625 0.078125
6 0.3984375 0.871875 0.1109375 0.0734375
17 0.525 0.8703125 0.1125 0.078125
33 0.6484375 0.8703125 0.1125 0.0734375
26 0.26875 0.7828125 0.1125 0.075
21 0.3953125 0.7796875 0.1078125 0.078125
23 0.5234375 0.7796875 0.1109375 0.078125
31 0.6484375 0.7765625 0.1078125 0.0734375
9 0.2671875 0.6921875 0.1125 0.078125
29 0.3953125 0.6890625 0.1109375 0.0734375
31 0.521875 0.6859375 0.1078125 0.0796875
29 0.646875 0.684375 0.1078125 0.075
32 0.2671875 0.5984375 0.1125 0.08125
28 0.396875 0.596875 0.1125 0.075
22 0.521875 0.59375 0.1125 0.0765625
15 0.64375 0.5953125 0.1109375 0.078125
14 0.2640625 0.503125 0.1171875 0.078125
6 0.3953125 0.503125 0.11875 0.078125
21 0.5203125 0.5015625 0.1109375 0.0796875
7 0.646875 0.5 0.1109375 0.0828125
13 0.2640625 0.4125 0.1140625 0.078125
28 0.3921875 0.4125 0.109375 0.0796875
22 0.5203125 0.4078125 0.1125 0.0734375
13 0.6453125 0.409375 0.109375 0.078125
10 0.2625 0.3171875 0.1109375 0.08125
5 0.39375 0.31875 0.1171875 0.08125
5 0.51875 0.3171875 0.1171875 0.08125
12 0.64375 0.3171875 0.1125 0.0828125
30 0.2640625 0.225 0.1140625 0.078125
18 0.39375 0.2265625 0.115625 0.0765625
29 0.51875 0.2234375 0.1125 0.0734375
0 0.64375 0.2234375 0.10625 0.0765625
3 0.2609375 0.1265625 0.109375 0.071875
3 0.390625 0.1296875 0.109375 0.0734375
31 0.5203125 0.1265625 0.1078125 0.0671875
24 0.6453125 0.1296875 0.109375 0.06875