31 0.26171875 0.3265625 0.053125 0.06875
1 0.3304185375 0.2830967078125 0.2880778046875 0.28791818125 0.2919453109375 0.3198497640625 0.295914003125 0.34735627187499996 0.33880813125000003 0.34067432656249996 0.3304185375 0.2830967078125
17 0.33817980625 0.27879003125 0.3475915203125 0.3388317609375 0.391005315625 0.3317643703125 0.3817945828125 0.2728624625 0.33817980625 0.27879003125
15 0.38927089531250003 0.26860603125 0.398682609375 0.3286477625 0.439917246875 0.32255224375 0.43154486406250003 0.26173962031250003 0.38927089531250003 0.26860603125
0 0.43905421093749997 0.261003153125 0.4484328921875 0.3175249203125 0.4892986 0.31266971875 0.4798194265625 0.2555780390625 0.43905421093749997 0.261003153125
23 0.4879661421875 0.25179102656249996 0.49774678906250003 0.31059244218750004 0.5410600921875 0.3029551390625 0.5308100265625 0.24482412656250002 0.4879661421875 0.25179102656249996
9 0.2516769828125 0.3680843359375 0.2631673625 0.4265842796875 0.30456995 0.418108625 0.2956606890625 0.3609164546875 0.2516769828125 0.3680843359375
13 0.3030365109375 0.356090109375 0.3141579609375 0.41583036875 0.35462170625 0.40869551875 0.345410971875 0.3497936109375 0.3030365109375 0.356090109375
6 0.4076993171875 0.336459971875 0.414429421875 0.3946240171875 0.45663593437500005 0.3907076578125 0.4505762328125 0.3330130328125 0.4076993171875 0.336459971875
27 0.6234375 0.6890625 0.05 0.0671875
27 0.6734375 0.67421875 0.0484375 0.065625
27 0.72265625 0.6671875 0.0484375 0.065625
2 0.38125 0.3734375 0.0546875 0.06875
21 0.25625 0.5921875 0.05625 0.06875
21 0.3078125 0.5796875 0.05625 0.06875
2 0.36015625 0.56875 0.0578125 0.071875
5 0.41015625 0.55703125 0.0546875 0.06875
8 0.4625 0.54765625 0.053125 0.0671875
28 0.51171875 0.5390625 0.0515625 0.0640625
28 0.5625 0.53046875 0.05 0.0640625
0 0.63359375 0.5125 0.0484375 0.0640625
19 0.47421875 0.721875 0.0546875 0.06875
22 0.5234375 0.71171875 0.053125 0.06875
25 0.575 0.69921875 0.05625 0.06875