0 0.07421875 0.5 0.05625 0.0765625
3 0.14140625 0.5 0.05625 0.078125
6 0.20390625 0.5 0.05625 0.078125
9 0.26796875 0.49921875 0.0609375 0.08125
12 0.33203125 0.50390625 0.05625 0.0765625
15 0.39765625 0.50546875 0.05625 0.078125
18 0.46171875 0.51171875 0.0578125 0.078125
21 0.52265625 0.515625 0.05625 0.078125
24 0.584375 0.5265625 0.0546875 0.0765625
19 0.6453125 0.53203125 0.059375 0.078125
19 0.70859375 0.53828125 0.059375 0.078125
19 0.76796875 0.540625 0.0546875 0.08125
27 0.82734375 0.54140625 0.05625 0.0796875
27 0.88984375 0.54453125 0.053125 0.0703125