0 0.30234375 0.31484375 0.0984375 0.128125
0 0.32421875 0.45234375 0.0921875 0.121875
0 0.65078125 0.55078125 0.0921875 0.125
0 0.67421875 0.69140625 0.0890625 0.1171875
3 0.40703125 0.29765625 0.0953125 0.1265625
3 0.4296875 0.4390625 0.09375 0.121875
3 0.55234375 0.56484375 0.0921875 0.121875
3 0.5703125 0.69921875 0.0984375 0.1265625
6 0.509375 0.2828125 0.096875 0.13125
6 0.53046875 0.42578125 0.096875 0.1265625
6 0.44765625 0.57421875 0.096875 0.1265625
6 0.46953125 0.71328125 0.096875 0.1265625
9 0.61015625 0.26953125 0.1 0.125
9 0.63203125 0.41171875 0.0921875 0.1296875
9 0.34375 0.58828125 0.0921875 0.11875
9 0.371875 0.728125 0.0921875 0.128125