3 0.3390625 0.15 0.0984375 0.0640625
28 0.453125 0.146875 0.0984375 0.06875
20 0.5671875 0.140625 0.103125 0.065625
23 0.6828125 0.140625 0.1 0.06875
18 0.3375 0.2328125 0.1 0.0640625
21 0.453125 0.2296875 0.1 0.0734375
5 0.5671875 0.2296875 0.1046875 0.0640625
15 0.684375 0.225 0.103125 0.0640625
29 0.3421875 0.315625 0.0984375 0.0625
32 0.4546875 0.3140625 0.096875 0.0640625
9 0.5703125 0.3125 0.1 0.0640625
4 0.68125 0.309375 0.096875 0.06875
12 0.3421875 0.4 0.1 0.065625
3 0.4546875 0.3984375 0.0953125 0.0640625
22 0.5671875 0.3984375 0.1 0.0625
10 0.6828125 0.3953125 0.1015625 0.065625
32 0.3453125 0.575 0.0984375 0.0640625
11 0.45625 0.571875 0.1015625 0.071875
3 0.56875 0.5734375 0.0984375 0.0671875
18 0.6859375 0.571875 0.1046875 0.0671875
3 0.3453125 0.6578125 0.0953125 0.065625
20 0.459375 0.65625 0.0984375 0.06875
12 0.5703125 0.6546875 0.1 0.0640625
8 0.6875 0.6578125 0.103125 0.0671875
29 0.3484375 0.740625 0.090625 0.0671875
2 0.4609375 0.740625 0.1046875 0.0703125
21 0.571875 0.7390625 0.096875 0.06875
12 0.6859375 0.740625 0.0953125 0.0671875
13 0.346875 0.821875 0.090625 0.06875
1 0.4609375 0.821875 0.0953125 0.071875
31 0.575 0.8234375 0.096875 0.0609375
24 0.6890625 0.8265625 0.0984375 0.0640625