28 0.2078125 0.3515625 0.059375 0.0859375
13 0.2828125 0.3484375 0.0578125 0.090625
0 0.3578125 0.3484375 0.0625 0.0875
4 0.4328125 0.3453125 0.0578125 0.090625
27 0.50625 0.3421875 0.0578125 0.0890625
2 0.5828125 0.3421875 0.0671875 0.0921875
16 0.6578125 0.3421875 0.0640625 0.0890625
13 0.7328125 0.3390625 0.0609375 0.0875
22 0.809375 0.340625 0.0625 0.0875
6 0.20625 0.453125 0.0609375 0.0875
5 0.2828125 0.45 0.059375 0.0921875
4 0.3578125 0.4484375 0.059375 0.0875
20 0.4328125 0.446875 0.059375 0.0890625
32 0.5078125 0.446875 0.0625 0.0890625
19 0.584375 0.4453125 0.065625 0.0890625
8 0.6609375 0.4453125 0.065625 0.090625
31 0.7359375 0.44375 0.059375 0.0890625
28 0.8140625 0.4421875 0.0640625 0.0859375
23 0.2046875 0.55625 0.0640625 0.09375
25 0.28125 0.553125 0.0671875 0.09375
26 0.3578125 0.5515625 0.059375 0.0921875
18 0.4359375 0.5515625 0.0609375 0.090625
24 0.5125 0.5484375 0.0640625 0.0921875
10 0.5859375 0.5484375 0.0625 0.090625
26 0.6640625 0.5484375 0.0640625 0.0921875
31 0.7421875 0.5484375 0.0625 0.0890625
2 0.81875 0.5484375 0.06875 0.096875
27 0.203125 0.6625 0.0640625 0.090625
30 0.28125 0.659375 0.0609375 0.09375
11 0.3578125 0.6578125 0.0609375 0.0953125
15 0.434375 0.6578125 0.0578125 0.0953125
14 0.5125 0.65625 0.0671875 0.0953125
16 0.5890625 0.65625 0.0640625 0.0953125
17 0.66875 0.6546875 0.0671875 0.096875
0 0.746875 0.653125 0.059375 0.096875
20 0.8234375 0.653125 0.0640625 0.09375