0 0.17109375 0.3 0.0703125 0.0984375
0 0.16171875 0.4046875 0.071875 0.0953125
0 0.15234375 0.50703125 0.071875 0.090625
0 0.14375 0.61171875 0.0703125 0.09375
3 0.246875 0.30859375 0.071875 0.09375
3 0.2375 0.4125 0.0703125 0.090625
3 0.22890625 0.5171875 0.071875 0.09375
3 0.21953125 0.61953125 0.0671875 0.090625
6 0.325 0.315625 0.071875 0.09375
6 0.315625 0.42109375 0.0734375 0.09375
6 0.30625 0.52578125 0.0734375 0.0921875
6 0.29609375 0.628125 0.071875 0.0953125
9 0.40078125 0.3234375 0.0734375 0.0953125
9 0.390625 0.42734375 0.071875 0.0953125
9 0.3828125 0.53359375 0.071875 0.09375
9 0.371875 0.6359375 0.071875 0.09375
12 0.47734375 0.33203125 0.071875 0.0953125
12 0.46796875 0.4359375 0.071875 0.0953125
12 0.45859375 0.540625 0.0703125 0.09375
12 0.4484375 0.64296875 0.0703125 0.0953125
15 0.553125 0.33984375 0.0703125 0.096875
15 0.54453125 0.44296875 0.0703125 0.096875
15 0.53359375 0.5453125 0.071875 0.0953125
15 0.52265625 0.64921875 0.06875 0.09375
18 0.6296875 0.346875 0.0703125 0.096875
18 0.61875 0.45078125 0.071875 0.0953125
18 0.609375 0.55546875 0.071875 0.0953125
18 0.59921875 0.65625 0.0671875 0.0953125
21 0.70390625 0.353125 0.071875 0.1
21 0.6953125 0.4578125 0.071875 0.1
21 0.684375 0.56015625 0.0703125 0.0984375
21 0.67578125 0.6625 0.0671875 0.0984375
24 0.77890625 0.3609375 0.0671875 0.0984375
24 0.76796875 0.4640625 0.071875 0.096875
24 0.759375 0.56640625 0.071875 0.09375
24 0.75 0.66953125 0.0671875 0.0953125