30 0.203125 0.3421875 0.0703125 0.0984375
19 0.2828125 0.34609375 0.075 0.1015625
26 0.3625 0.35078125 0.06875 0.0984375
0 0.4421875 0.3546875 0.0703125 0.09375
32 0.52109375 0.36015625 0.06875 0.096875
6 0.59921875 0.365625 0.06875 0.0984375
21 0.67734375 0.371875 0.06875 0.0984375
32 0.75546875 0.37734375 0.065625 0.096875
19 0.83515625 0.38125 0.071875 0.1015625
20 0.19453125 0.44921875 0.075 0.1015625
29 0.27734375 0.45546875 0.071875 0.0984375
16 0.35546875 0.4578125 0.071875 0.1015625
7 0.4359375 0.4625 0.0734375 0.1015625
28 0.5140625 0.46953125 0.071875 0.096875
2 0.5921875 0.4734375 0.075 0.1015625
1 0.671875 0.47734375 0.075 0.0984375
23 0.75078125 0.48515625 0.0703125 0.1
4 0.82890625 0.4890625 0.06875 0.096875
11 0.190625 0.55859375 0.0703125 0.1015625
4 0.26796875 0.56484375 0.0703125 0.1015625
20 0.34765625 0.56875 0.0703125 0.1
10 0.42734375 0.57265625 0.0703125 0.0984375
6 0.50703125 0.57734375 0.071875 0.1
11 0.58671875 0.5828125 0.071875 0.1015625
26 0.6640625 0.58671875 0.0734375 0.0984375
18 0.7453125 0.59296875 0.06875 0.0984375
2 0.825 0.6 0.0703125 0.1
23 0.1796875 0.67109375 0.071875 0.1015625
27 0.2609375 0.671875 0.0703125 0.1
12 0.340625 0.6765625 0.0703125 0.103125
16 0.421875 0.68203125 0.075 0.1015625
19 0.50234375 0.68828125 0.075 0.1046875
27 0.58046875 0.6921875 0.0703125 0.1
31 0.66171875 0.69765625 0.06875 0.096875
33 0.73984375 0.703125 0.06875 0.1
29 0.81953125 0.7078125 0.06875 0.0984375