11 0.1265625 0.278125 0.0734375 0.1125
7 0.2171875 0.2796875 0.078125 0.1046875
26 0.309375 0.278125 0.078125 0.109375
33 0.4015625 0.275 0.0765625 0.1046875
13 0.4953125 0.2734375 0.0734375 0.109375
23 0.5890625 0.2734375 0.078125 0.115625
28 0.684375 0.275 0.0796875 0.1046875
7 0.778125 0.2734375 0.078125 0.109375
15 0.871875 0.275 0.0734375 0.1078125
8 0.125 0.4046875 0.075 0.109375
29 0.21875 0.4046875 0.071875 0.1046875
5 0.3078125 0.403125 0.0734375 0.1125
24 0.4046875 0.4015625 0.0734375 0.1125
10 0.49375 0.4015625 0.0734375 0.1078125
9 0.5859375 0.4015625 0.071875 0.1078125
13 0.68125 0.403125 0.075 0.1109375
11 0.775 0.4015625 0.071875 0.109375
30 0.8703125 0.4046875 0.071875 0.109375
26 0.125 0.5296875 0.0734375 0.1109375
6 0.2140625 0.528125 0.06875 0.10625
8 0.309375 0.53125 0.0765625 0.1140625
5 0.4015625 0.528125 0.0765625 0.115625
7 0.49375 0.528125 0.0734375 0.10625
22 0.5859375 0.5296875 0.065625 0.109375
26 0.68125 0.53125 0.0765625 0.1125
12 0.775 0.5296875 0.078125 0.1109375
16 0.871875 0.5328125 0.078125 0.109375
30 0.1234375 0.65625 0.071875 0.10625
16 0.215625 0.65625 0.065625 0.1109375
27 0.3078125 0.6546875 0.06875 0.1125
33 0.403125 0.65625 0.078125 0.1078125
7 0.49375 0.6578125 0.0765625 0.109375
22 0.5875 0.65625 0.071875 0.1109375
27 0.68125 0.6625 0.071875 0.109375
19 0.7765625 0.659375 0.0828125 0.1125
29 0.871875 0.6625 0.0703125 0.1125