25 0.2125 0.271875 0.0796875 0.1125
25 0.7015625 0.40625 0.0828125 0.1140625
25 0.221875 0.5328125 0.084375 0.1140625
10 0.69375 0.2703125 0.08125 0.10625
10 0.2171875 0.403125 0.078125 0.1078125
10 0.7015625 0.5359375 0.075 0.1078125
10 0.2234375 0.6609375 0.0734375 0.1046875
3 0.3078125 0.2734375 0.0796875 0.1171875
3 0.4125 0.4078125 0.078125 0.1109375
3 0.50625 0.4 0.0796875 0.1140625
3 0.6046875 0.40625 0.0734375 0.1078125
0 0.4015625 0.2734375 0.075 0.10625
0 0.496875 0.2671875 0.071875 0.109375
0 0.59375 0.271875 0.078125 0.1140625
6 0.3140625 0.4046875 0.0796875 0.1109375
6 0.415625 0.5375 0.075 0.10625
6 0.5078125 0.5296875 0.071875 0.109375
6 0.6046875 0.5328125 0.0734375 0.1078125
0 0.3203125 0.534375 0.0734375 0.109375
9 0.31875 0.6640625 0.0765625 0.109375
9 0.4140625 0.6671875 0.0765625 0.10625
9 0.50625 0.659375 0.078125 0.1109375
9 0.603125 0.6625 0.071875 0.1140625
25 0.703125 0.66875 0.0828125 0.1125