30 0.19765625 0.35234375 0.0671875 0.096875
19 0.27734375 0.35390625 0.071875 0.1
26 0.35703125 0.35546875 0.065625 0.096875
0 0.43671875 0.35703125 0.0671875 0.0921875
32 0.51640625 0.359375 0.065625 0.0953125
6 0.59453125 0.3625 0.065625 0.096875
21 0.67265625 0.365625 0.065625 0.096875
32 0.75078125 0.36875 0.0625 0.0953125
19 0.83046875 0.36953125 0.06875 0.1
20 0.19296875 0.46015625 0.071875 0.1
29 0.27578125 0.46328125 0.06875 0.096875
16 0.35390625 0.46328125 0.06875 0.1
7 0.43515625 0.46484375 0.0703125 0.1
28 0.51328125 0.46875 0.06875 0.0953125
2 0.59140625 0.4703125 0.071875 0.1
1 0.67109375 0.471875 0.071875 0.096875
23 0.75078125 0.4765625 0.0671875 0.0984375
4 0.82890625 0.47734375 0.065625 0.0953125
11 0.1921875 0.56953125 0.0671875 0.1
4 0.2703125 0.57265625 0.0671875 0.1
20 0.35 0.57421875 0.0671875 0.0984375
10 0.4296875 0.575 0.0671875 0.096875
6 0.509375 0.5765625 0.06875 0.0984375
11 0.5890625 0.5796875 0.06875 0.1
26 0.6671875 0.58125 0.0703125 0.096875
18 0.7484375 0.584375 0.065625 0.096875
2 0.828125 0.58828125 0.0671875 0.0984375
23 0.1859375 0.68203125 0.06875 0.1
27 0.2671875 0.68046875 0.0671875 0.0984375
12 0.346875 0.68203125 0.0671875 0.1015625
16 0.428125 0.684375 0.071875 0.1
19 0.509375 0.6875 0.071875 0.103125
27 0.5875 0.6890625 0.0671875 0.0984375
31 0.66875 0.6921875 0.065625 0.0953125
33 0.746875 0.6953125 0.065625 0.0984375
29 0.8265625 0.69609375 0.065625 0.096875