25 0.2328125 0.2640625 0.0828125 0.115625
25 0.7203125 0.4015625 0.0859375 0.115625
25 0.240625 0.5265625 0.08125 0.109375
3 0.328125 0.2671875 0.071875 0.1125
0 0.4234375 0.26875 0.0734375 0.109375
0 0.51875 0.2625 0.078125 0.1125
0 0.6140625 0.2671875 0.075 0.1109375
0 0.3390625 0.528125 0.071875 0.1046875
3 0.43125 0.4015625 0.0765625 0.1125
3 0.528125 0.3953125 0.075 0.1109375
3 0.6234375 0.4 0.071875 0.109375
6 0.334375 0.396875 0.078125 0.1109375
6 0.434375 0.5296875 0.075 0.10625
6 0.5265625 0.5265625 0.075 0.1109375
6 0.621875 0.528125 0.08125 0.1140625
9 0.3359375 0.6578125 0.075 0.1078125
9 0.4296875 0.6609375 0.071875 0.1109375
9 0.525 0.65625 0.0703125 0.1078125
9 0.61875 0.659375 0.0703125 0.1109375
10 0.7125 0.265625 0.0765625 0.10625
10 0.2375 0.3953125 0.075 0.1125
10 0.7171875 0.53125 0.0734375 0.10625
10 0.240625 0.6546875 0.0796875 0.1109375
25 0.7203125 0.6640625 0.0859375 0.1125