0 0.17421875 0.29453125 0.071875 0.1
0 0.16328125 0.3984375 0.0734375 0.096875
0 0.15234375 0.5015625 0.0734375 0.0921875
0 0.14140625 0.60546875 0.071875 0.0953125
3 0.25 0.30390625 0.0734375 0.0953125
3 0.2390625 0.4078125 0.071875 0.0921875
3 0.228125 0.5125 0.0734375 0.0953125
3 0.21796875 0.61484375 0.06875 0.0921875
6 0.328125 0.3125 0.0734375 0.0953125
6 0.3171875 0.41796875 0.075 0.0953125
6 0.30625 0.521875 0.075 0.09375
6 0.29375 0.62421875 0.0734375 0.096875
9 0.40390625 0.321875 0.075 0.096875
9 0.39140625 0.42578125 0.0734375 0.096875
9 0.38203125 0.53125 0.0734375 0.0953125
9 0.36953125 0.63359375 0.0734375 0.0953125
12 0.4796875 0.33125 0.0734375 0.096875
12 0.46875 0.43515625 0.0734375 0.096875
12 0.4578125 0.53984375 0.071875 0.0953125
12 0.44609375 0.6421875 0.071875 0.096875
15 0.55625 0.340625 0.071875 0.0984375
15 0.5453125 0.44375 0.071875 0.0984375
15 0.5328125 0.54609375 0.0734375 0.096875
15 0.5203125 0.65 0.0703125 0.0953125
18 0.63203125 0.34921875 0.071875 0.0984375
18 0.61953125 0.453125 0.0734375 0.096875
18 0.60859375 0.55703125 0.0734375 0.096875
18 0.596875 0.6578125 0.06875 0.096875
21 0.70703125 0.35703125 0.0734375 0.1015625
21 0.69609375 0.4609375 0.0734375 0.1015625
21 0.68359375 0.56328125 0.071875 0.1
21 0.67265625 0.665625 0.06875 0.1
24 0.78125 0.36640625 0.06875 0.1
24 0.76875 0.46875 0.0734375 0.0984375
24 0.7578125 0.57109375 0.0734375 0.0953125
24 0.746875 0.6734375 0.06875 0.096875