19 0.24609375 0.859375 0.1203125 0.0859375
6 0.37265625 0.8640625 0.115625 0.08125
17 0.49921875 0.87109375 0.1171875 0.0859375
33 0.621875 0.8796875 0.1171875 0.08125
26 0.24921875 0.765625 0.1171875 0.0828125
21 0.37578125 0.771875 0.1125 0.0859375
23 0.50390625 0.78046875 0.115625 0.0859375
31 0.62890625 0.7859375 0.1125 0.08125
9 0.2546875 0.67578125 0.1171875 0.0859375
29 0.38203125 0.68125 0.115625 0.08125
31 0.50859375 0.68671875 0.1125 0.0875
29 0.63359375 0.69453125 0.1125 0.0828125
32 0.2609375 0.58203125 0.1171875 0.0890625
28 0.390625 0.5890625 0.1171875 0.0828125
22 0.515625 0.5953125 0.1171875 0.084375
15 0.63671875 0.60546875 0.115625 0.0859375
14 0.2640625 0.48671875 0.121875 0.0859375
6 0.3953125 0.49609375 0.1234375 0.0859375
21 0.5203125 0.503125 0.115625 0.0875
7 0.646875 0.51015625 0.1171875 0.090625
13 0.27109375 0.39609375 0.11875 0.0859375
28 0.3984375 0.40546875 0.1140625 0.0875
22 0.5265625 0.409375 0.1171875 0.08125
13 0.6515625 0.41953125 0.1140625 0.0859375
10 0.27578125 0.30078125 0.115625 0.0890625
5 0.40703125 0.31171875 0.121875 0.0890625
5 0.53125 0.31875 0.121875 0.0890625
12 0.65625 0.32734375 0.11875 0.090625
30 0.28359375 0.209375 0.11875 0.0859375
18 0.41328125 0.21953125 0.1203125 0.084375
29 0.53828125 0.22578125 0.1171875 0.08125
0 0.6625 0.234375 0.1109375 0.084375
3 0.2875 0.1109375 0.1140625 0.0796875
3 0.41640625 0.12265625 0.1140625 0.08125
31 0.54609375 0.12890625 0.1125 0.075
24 0.67109375 0.140625 0.1140625 0.0765625