21 0.334375 0.278125 0.0640625 0.0828125
12 0.39765625 0.28671875 0.0609375 0.08125
24 0.45859375 0.2984375 0.0625 0.084375
17 0.52109375 0.30546875 0.065625 0.0828125
32 0.58203125 0.3203125 0.059375 0.0765625
1 0.6453125 0.3296875 0.0640625 0.0828125
15 0.153125 0.59921875 0.065625 0.0859375
18 0.2171875 0.61484375 0.065625 0.084375
21 0.28046875 0.621875 0.0640625 0.08125
10 0.34296875 0.6390625 0.0625 0.084375
19 0.4078125 0.64140625 0.0671875 0.0859375
22 0.4703125 0.65390625 0.0609375 0.0828125
25 0.53359375 0.6640625 0.065625 0.084375
28 0.5953125 0.67734375 0.0625 0.08125
29 0.65703125 0.6859375 0.0640625 0.08125
29 0.71875 0.69296875 0.05625 0.078125
12 0.88539694375 0.6830222140625 0.8339552296875 0.681052071875 0.8295828249999999 0.7558240031250001 0.878445715625 0.757431715625 0.88539694375 0.6830222140625