8 0.18828125 0.353125 0.06875 0.096875
27 0.26796875 0.35 0.06875 0.0921875
28 0.34453125 0.34765625 0.065625 0.0921875
14 0.42265625 0.34453125 0.0703125 0.0953125
11 0.49765625 0.3421875 0.065625 0.096875
27 0.57578125 0.3421875 0.0671875 0.0890625
13 0.65234375 0.33828125 0.065625 0.090625
8 0.73046875 0.3390625 0.0671875 0.090625
28 0.80390625 0.3359375 0.065625 0.0921875
18 0.19375 0.459375 0.06875 0.096875
1 0.2703125 0.45625 0.071875 0.1
22 0.35 0.45390625 0.0703125 0.0984375
12 0.4265625 0.45078125 0.0671875 0.096875
7 0.5046875 0.4484375 0.0703125 0.096875
12 0.5828125 0.446875 0.0671875 0.096875
33 0.6578125 0.44609375 0.0703125 0.096875
9 0.734375 0.44140625 0.065625 0.0953125
19 0.8109375 0.4390625 0.06875 0.0953125
9 0.19453125 0.5671875 0.06875 0.096875
2 0.27421875 0.5640625 0.0734375 0.1
6 0.35234375 0.56015625 0.06875 0.096875
23 0.4296875 0.55546875 0.0703125 0.1
2 0.5078125 0.5546875 0.0703125 0.0984375
20 0.5828125 0.5515625 0.06875 0.096875
5 0.659375 0.55078125 0.065625 0.0984375
23 0.7375 0.54765625 0.065625 0.0984375
18 0.8125 0.5453125 0.0640625 0.0953125
3 0.196875 0.6734375 0.065625 0.096875
31 0.27734375 0.6671875 0.06875 0.096875
5 0.35390625 0.66484375 0.0703125 0.0984375
28 0.43359375 0.66171875 0.06875 0.0984375
20 0.51015625 0.6609375 0.0703125 0.0984375
30 0.58828125 0.65625 0.0671875 0.0984375
8 0.66484375 0.65703125 0.065625 0.096875
30 0.74140625 0.65234375 0.0671875 0.09375
11 0.81640625 0.65 0.06875 0.0921875