0 0.29921875 0.31796875 0.1 0.1296875
0 0.3234375 0.45546875 0.0953125 0.121875
0 0.6515625 0.5484375 0.09375 0.125
0 0.678125 0.68828125 0.090625 0.11875
3 0.40390625 0.29921875 0.096875 0.128125
3 0.42890625 0.440625 0.096875 0.1234375
3 0.553125 0.56328125 0.0953125 0.121875
3 0.5734375 0.69765625 0.1 0.128125
6 0.50546875 0.2828125 0.0984375 0.1328125
6 0.52890625 0.425 0.0984375 0.128125
6 0.44921875 0.575 0.0984375 0.128125
6 0.4734375 0.71328125 0.0984375 0.128125
9 0.60625 0.2671875 0.1015625 0.1265625
9 0.63046875 0.409375 0.09375 0.1296875
9 0.3453125 0.59140625 0.09375 0.11875
9 0.3765625 0.73046875 0.09375 0.128125