31 0.3015625 0.30625 0.0484375 0.0703125
1 0.359375 0.30625 0.05 0.0703125
27 0.41875 0.30625 0.0484375 0.065625
30 0.478125 0.3078125 0.0484375 0.0703125
10 0.5359375 0.3078125 0.0484375 0.0671875
25 0.5921875 0.309375 0.0515625 0.0671875
22 0.3 0.3859375 0.046875 0.0703125
0 0.08420138906249999 0.6571180562500001 0.1328125 0.6623263890625 0.13454861093749998 0.590277778125 0.089409721875 0.5876736109375 0.08420138906249999 0.6571180562500001
6 0.1458333328125 0.6614583328125 0.1953125 0.6631944437499999 0.19618055625 0.5911458328125 0.15017361093749998 0.589409721875 0.1458333328125 0.6614583328125
12 0.207465278125 0.6640625 0.2552083328125 0.6666666671875 0.2578125 0.5954861109375 0.20833333281250002 0.59375 0.207465278125 0.6640625
15 0.265625 0.65625 0.31597222187499996 0.6614583328125 0.31597222187499996 0.5868055562500001 0.2682291671875 0.5868055562500001 0.265625 0.65625
15 0.32465277812500004 0.659722221875 0.37586805624999997 0.659722221875 0.3776041671875 0.5911458328125 0.32899305624999997 0.589409721875 0.32465277812500004 0.659722221875
5 0.3888888890625 0.6614583328125 0.41059027812500004 0.6649305562500001 0.4348958328125 0.6631944437499999 0.4375 0.5920138890625 0.4114583328125 0.590277778125 0.3880208328125 0.5911458328125 0.3888888890625 0.6614583328125
11 0.44444444375 0.6657986109375 0.49565972187499996 0.6640625 0.49565972187499996 0.5928819437499999 0.4479166671875 0.5911458328125 0.44444444375 0.6657986109375
14 0.5017361109375 0.667534721875 0.5546875 0.668402778125 0.5564236109375 0.6267361109375 0.5520833328125 0.5954861109375 0.504340278125 0.5946180562500001 0.5017361109375 0.667534721875
17 0.563078703125 0.6672453703125 0.6140046296875 0.6678240734374999 0.6134259265625001 0.5949074078125001 0.5642361109375 0.594328703125 0.563078703125 0.6672453703125
20 0.671875 0.6631944437499999 0.67476851875 0.590277778125 0.625578703125 0.5896990734374999 0.6226851859375 0.6603009265625001 0.671875 0.6631944437499999
26 0.6799768515625 0.659722221875 0.73148148125 0.662615740625 0.734375 0.59085648125 0.6834490734374999 0.5885416671875 0.6799768515625 0.659722221875
28 0.787615740625 0.6770833328125 0.7893518515625 0.608796296875 0.7430555562500001 0.6047453703125 0.7390046296875 0.675347221875 0.787615740625 0.6770833328125
32 0.843171296875 0.678240740625 0.84664351875 0.6105324078125001 0.800347221875 0.609953703125 0.7980324078125001 0.6759259265625001 0.843171296875 0.678240740625
11 0.962384259375 0.6851851859375 0.9710648140625 0.6163194437499999 0.9276620375 0.6116898140625 0.9178240734375 0.6788194437499999 0.962384259375 0.6851851859375