27 0.2546875 0.33125 0.0609375 0.0765625
33 0.31484375 0.3203125 0.059375 0.075
29 0.375 0.309375 0.059375 0.0734375
21 0.43203125 0.2984375 0.0609375 0.0765625
26 0.490625 0.28984375 0.0609375 0.0765625
17 0.54765625 0.28046875 0.059375 0.075
1 0.265625 0.41015625 0.0609375 0.0796875
15 0.32578125 0.39921875 0.0609375 0.0765625
29 0.384375 0.38984375 0.0609375 0.078125
3 0.44375 0.37578125 0.0609375 0.0765625
3 0.50078125 0.3671875 0.059375 0.075
30 0.559375 0.3578125 0.059375 0.0765625
6 0.27578125 0.49140625 0.0609375 0.0765625
6 0.3359375 0.48203125 0.0609375 0.0765625
1 0.3953125 0.4703125 0.0640625 0.08125
5 0.45390625 0.45859375 0.0609375 0.0796875
23 0.5109375 0.44921875 0.0609375 0.078125
0 0.1546875 0.6859375 0.0609375 0.08125
0 0.21484375 0.6765625 0.059375 0.0796875
9 0.275 0.6671875 0.059375 0.08125
12 0.33515625 0.65859375 0.0578125 0.078125
15 0.39609375 0.65078125 0.0609375 0.078125
4 0.45625 0.64296875 0.059375 0.078125
10 0.51484375 0.63359375 0.0578125 0.0765625
10 0.5734375 0.62265625 0.0578125 0.078125
14 0.63046875 0.6125 0.059375 0.0796875
17 0.690625 0.60390625 0.0609375 0.0796875
20 0.746875 0.5921875 0.059375 0.0765625
28 0.8046875 0.5859375 0.0578125 0.078125
32 0.8609375 0.57265625 0.059375 0.075
4 0.96587935 0.5152713921875 0.9257498937499999 0.524556859375 0.9419670703125 0.5899547203125 0.9819154687499999 0.5795260953125 0.96587935 0.5152713921875