25 0.23359375 0.24765625 0.0890625 0.11875
25 0.70859375 0.42421875 0.0921875 0.1203125
25 0.2203125 0.50859375 0.09375 0.1203125
10 0.71328125 0.28828125 0.090625 0.1125
10 0.2265625 0.37890625 0.0875 0.1140625
10 0.69765625 0.553125 0.084375 0.1140625
10 0.21015625 0.6359375 0.0828125 0.1109375
3 0.328125 0.2578125 0.0890625 0.1234375
3 0.42109375 0.40078125 0.0875 0.1171875
3 0.51484375 0.40078125 0.0890625 0.1203125
3 0.6125 0.415625 0.0828125 0.1140625
0 0.421875 0.265625 0.084375 0.1125
0 0.5171875 0.26796875 0.08125 0.115625
0 0.61328125 0.28125 0.0875 0.1203125
6 0.3234375 0.3890625 0.0890625 0.1171875
6 0.4125 0.5296875 0.084375 0.1125
6 0.50546875 0.53046875 0.08125 0.115625
6 0.6015625 0.5421875 0.0828125 0.1140625
0 0.31796875 0.51875 0.0828125 0.115625
9 0.30546875 0.64765625 0.0859375 0.115625
9 0.4 0.659375 0.0859375 0.1125
9 0.4921875 0.659375 0.0875 0.1171875
9 0.58828125 0.67109375 0.08125 0.1203125
25 0.6875 0.6859375 0.0921875 0.11875