31 0.2734375 0.33984375 0.059375 0.0765625
1 0.33046875 0.33046875 0.0609375 0.0765625
27 0.3890625 0.32109375 0.0578125 0.071875
30 0.4484375 0.31328125 0.059375 0.0765625
10 0.50546875 0.3046875 0.0578125 0.0734375
25 0.5609375 0.29765625 0.0609375 0.075
22 0.284375 0.41875 0.0578125 0.0765625
0 0.1531704796875 0.6463355015625 0.10817994375 0.6508246734375 0.11389923906249999 0.72022890625 0.1627266296875 0.7177686624999999 0.1531704796875 0.6463355015625
6 0.21417942812500002 0.6375515078125 0.168467315625 0.64303384375 0.175451359375 0.7148743859375 0.22459294375 0.7088488749999999 0.21417942812500002 0.6375515078125
12 0.2757315484375 0.632196990625 0.22658996406249998 0.6382225015625 0.2367318953125 0.70780513125 0.2842945359375 0.702908578125 0.2757315484375 0.632196990625
15 0.331817290625 0.6145251234375 0.28466203125 0.6219937828125001 0.2929534296875 0.69099063125 0.34349555781249996 0.6882588000000001 0.331817290625 0.6145251234375
15 0.3933694125 0.609170603125 0.345085196875 0.6150603203125 0.351797653125 0.685186125 0.4023823875 0.677174290625 0.3933694125 0.609170603125
5 0.461226609375 0.6713697843750001 0.45266362187500003 0.6006582 0.42667098281250004 0.6030172765625 0.40365783125 0.6075410781249999 0.4155144984375 0.6768521203125 0.43749188281249995 0.67688675 0.461226609375 0.6713697843750001
11 0.5102430953125 0.59241738125 0.4628162484375 0.5981713046875 0.4710650421875 0.672448159375 0.5213781875 0.6627215875 0.5102430953125 0.59241738125
14 0.5755548390625 0.61634918125 0.56637941875 0.586162890625 0.5190883671875001 0.59277418125 0.527922940625 0.665200503125 0.5803582046875 0.65777445 0.5755548390625 0.61634918125
17 0.6268762546875 0.575995215625 0.57820151875 0.58311861875 0.5884650390624999 0.65531861875 0.6388545125 0.647923628125 0.6268762546875 0.575995215625
20 0.638064646875 0.5689498921875 0.6462513171875 0.6391351640625 0.69528816875 0.634298075 0.686739384375 0.5618264890625 0.638064646875 0.5689498921875
26 0.745702540625 0.553073559375 0.6950414796875 0.5587538140625 0.7027470984375 0.62960119375 0.7540702671874999 0.6244019890625 0.745702540625 0.553073559375
28 0.756448925 0.565433515625 0.763492434375 0.6357998453125 0.81177665 0.6299101281249999 0.8028089406250001 0.56219223125 0.756448925 0.565433515625
32 0.8138499984375 0.561615334375 0.8218840125 0.6271374468750001 0.8668292843750001 0.6223624828125 0.859666840625 0.5549445765625001 0.8138499984375 0.561615334375
11 0.93986894375 0.5434136453125 0.9406534890625 0.61125579375 0.9856608874999999 0.6105724140625 0.9834615937500001 0.5411965859375 0.93986894375 0.5434136453125