33 0.271875 0.3375 0.0546875 0.0734375
26 0.3359375 0.33125 0.05625 0.078125
24 0.4 0.33125 0.0546875 0.0734375
25 0.4640625 0.33125 0.05625 0.0765625
0 0.1078125 0.6734375 0.053125 0.0765625
6 0.175 0.6703125 0.053125 0.0796875
12 0.240625 0.6703125 0.0515625 0.078125
12 0.30625 0.665625 0.0546875 0.0796875
15 0.3703125 0.665625 0.05 0.078125
10 0.434375 0.6703125 0.0546875 0.078125
13 0.496875 0.66875 0.0515625 0.078125
17 0.5609375 0.6734375 0.0515625 0.078125
20 0.6234375 0.675 0.053125 0.0765625
28 0.6875 0.675 0.05 0.0734375
16 0.7953125 0.66875 0.05 0.075