30 0.09609375 0.3890625 0.1015625 0.1296875
28 0.1921875 0.3734375 0.1015625 0.1296875
20 0.28515625 0.35390625 0.10625 0.1328125
16 0.37890625 0.3375 0.1015625 0.1296875
27 0.4765625 0.3234375 0.09375 0.13125
31 0.571875 0.30625 0.096875 0.128125
0 0.66796875 0.29140625 0.096875 0.128125
28 0.76640625 0.2734375 0.1 0.125
20 0.8625 0.26015625 0.0984375 0.1265625
15 0.8828125 0.39296875 0.0953125 0.1265625
19 0.78984375 0.4078125 0.103125 0.1296875
33 0.69140625 0.4234375 0.1 0.13125
14 0.59375 0.4390625 0.1 0.1328125
9 0.5015625 0.45390625 0.0921875 0.1234375
3 0.40390625 0.46953125 0.0921875 0.1234375
14 0.30859375 0.484375 0.1046875 0.134375
21 0.21328125 0.503125 0.096875 0.125
16 0.11796875 0.51796875 0.0875 0.1265625
10 0.140625 0.64921875 0.0921875 0.11875
0 0.23671875 0.63359375 0.0859375 0.11875
12 0.33203125 0.6171875 0.096875 0.125
18 0.4265625 0.5984375 0.0921875 0.128125
11 0.52265625 0.58359375 0.09375 0.1265625
4 0.6171875 0.56953125 0.084375 0.115625
29 0.7125 0.5546875 0.0875 0.121875
14 0.80859375 0.5390625 0.096875 0.1296875
10 0.90546875 0.525 0.0921875 0.121875
5 0.16484375 0.7765625 0.09375 0.1265625
26 0.25703125 0.76171875 0.090625 0.1234375
21 0.353125 0.74609375 0.0953125 0.121875
16 0.446875 0.728125 0.0875 0.128125
17 0.54296875 0.71484375 0.096875 0.128125
14 0.63671875 0.6984375 0.0953125 0.125
30 0.7328125 0.6875 0.0953125 0.121875
2 0.828125 0.6703125 0.103125 0.1296875
9 0.92109375 0.65546875 0.0953125 0.128125