13 0.0921875 0.346875 0.0953125 0.121875
10 0.1859375 0.32890625 0.09375 0.125
25 0.2796875 0.31328125 0.1015625 0.125
29 0.37890625 0.29765625 0.0953125 0.125
1 0.57734375 0.2625 0.103125 0.1234375
25 0.675 0.24375 0.10625 0.128125
10 0.77265625 0.2296875 0.0953125 0.125
30 0.871875 0.2140625 0.0984375 0.1234375
8 0.1125 0.478125 0.0984375 0.1265625
21 0.20703125 0.459375 0.1 0.128125
6 0.3046875 0.4453125 0.0921875 0.1265625
22 0.3984375 0.42734375 0.0921875 0.1265625
22 0.6 0.3921875 0.0953125 0.1265625
24 0.6984375 0.37578125 0.0953125 0.1265625
12 0.79921875 0.36171875 0.09375 0.1265625
16 0.89296875 0.3453125 0.0921875 0.1296875
13 0.13359375 0.6078125 0.0953125 0.125
4 0.22890625 0.5921875 0.0953125 0.125
23 0.32578125 0.5734375 0.0984375 0.128125
32 0.42109375 0.55703125 0.090625 0.11875
28 0.625 0.52734375 0.0984375 0.1234375
16 0.72265625 0.51015625 0.0953125 0.121875
29 0.82109375 0.49296875 0.0875 0.1203125
5 0.91640625 0.47734375 0.1 0.134375
30 0.15625 0.73671875 0.0953125 0.1296875
17 0.2515625 0.71953125 0.0984375 0.13125
20 0.34765625 0.7046875 0.0984375 0.128125
1 0.44609375 0.6890625 0.1015625 0.128125
14 0.64609375 0.6546875 0.1 0.1296875
21 0.7453125 0.6421875 0.0984375 0.128125
16 0.8421875 0.625 0.09375 0.1328125
5 0.93984375 0.609375 0.090625 0.1296875