28 0.2078125 0.24453125 0.08125 0.1046875
15 0.29296875 0.2546875 0.078125 0.1078125
10 0.375 0.26484375 0.0796875 0.1078125
23 0.45859375 0.2765625 0.0859375 0.1109375
29 0.5421875 0.28828125 0.0796875 0.103125
25 0.6265625 0.296875 0.0859375 0.10625
12 0.71171875 0.30859375 0.0828125 0.109375
19 0.796875 0.32109375 0.0875 0.1125
6 0.88203125 0.3328125 0.0828125 0.109375
2 0.19609375 0.359375 0.084375 0.1140625
30 0.2765625 0.37109375 0.0796875 0.1046875
20 0.3609375 0.3796875 0.0828125 0.109375
22 0.44609375 0.39140625 0.0859375 0.1125
14 0.528125 0.4015625 0.0828125 0.1125
32 0.61171875 0.41484375 0.078125 0.1078125
8 0.69609375 0.428125 0.0859375 0.1125
17 0.78203125 0.43671875 0.0828125 0.109375
22 0.865625 0.4484375 0.08125 0.1109375
9 0.18203125 0.47421875 0.0765625 0.10625
18 0.265625 0.484375 0.08125 0.1109375
7 0.34765625 0.49609375 0.0828125 0.1109375
29 0.4296875 0.5046875 0.084375 0.1046875
24 0.51171875 0.515625 0.075 0.1046875
24 0.5953125 0.52734375 0.078125 0.1078125
28 0.68046875 0.54140625 0.0828125 0.1046875
1 0.765625 0.553125 0.084375 0.109375
31 0.85078125 0.56328125 0.075 0.103125
21 0.1671875 0.5875 0.08125 0.109375
9 0.24921875 0.59921875 0.0796875 0.1046875
5 0.33203125 0.60703125 0.0796875 0.109375
12 0.415625 0.6171875 0.078125 0.1078125
10 0.4984375 0.62578125 0.0765625 0.103125
4 0.584375 0.64296875 0.0765625 0.10625
28 0.66484375 0.65390625 0.0796875 0.1046875
15 0.75 0.66640625 0.084375 0.109375
10 0.8328125 0.678125 0.078125 0.103125