33 0.28046875 0.32578125 0.0578125 0.0765625
26 0.3453125 0.32265625 0.0609375 0.08125
24 0.40859375 0.3265625 0.0578125 0.0765625
25 0.47265625 0.3296875 0.0609375 0.0796875
0 0.09921875 0.65234375 0.0578125 0.0796875
6 0.16640625 0.653125 0.0578125 0.0828125
12 0.23203125 0.65625 0.05625 0.08125
12 0.29765625 0.65546875 0.059375 0.0828125
15 0.36171875 0.65859375 0.0546875 0.08125
10 0.42578125 0.66640625 0.059375 0.08125
13 0.48828125 0.66796875 0.05625 0.08125
17 0.5515625 0.6765625 0.05625 0.08125
20 0.6140625 0.68125 0.0578125 0.0796875
28 0.678125 0.684375 0.053125 0.0765625
16 0.7859375 0.68359375 0.053125 0.078125