10 0.22890625 0.3109375 0.0703125 0.09375
29 0.30390625 0.315625 0.06875 0.0890625
24 0.37734375 0.3203125 0.06875 0.0921875
20 0.453125 0.33046875 0.0734375 0.096875
7 0.5296875 0.33984375 0.0703125 0.096875
7 0.603125 0.34453125 0.071875 0.0953125
27 0.67890625 0.35234375 0.071875 0.0921875
11 0.7546875 0.36015625 0.0734375 0.0953125
0 0.8296875 0.36953125 0.065625 0.09375
25 0.2171875 0.4125 0.0765625 0.0953125
4 0.29140625 0.41875 0.0734375 0.09375
10 0.36796875 0.425 0.071875 0.096875
24 0.44453125 0.4328125 0.075 0.09375
6 0.5203125 0.4421875 0.0734375 0.0953125
19 0.59453125 0.45 0.075 0.0953125
31 0.66953125 0.45625 0.075 0.0953125
3 0.7453125 0.46484375 0.0734375 0.09375
24 0.8203125 0.47421875 0.071875 0.0953125
13 0.20625 0.51484375 0.071875 0.096875
21 0.2828125 0.52109375 0.0734375 0.096875
6 0.35859375 0.52890625 0.071875 0.0953125
10 0.43203125 0.53671875 0.075 0.096875
26 0.5078125 0.54296875 0.0734375 0.0984375
20 0.584375 0.5515625 0.075 0.096875
15 0.66015625 0.559375 0.071875 0.1
12 0.73515625 0.565625 0.071875 0.0984375
14 0.8078125 0.5734375 0.0734375 0.096875
29 0.196875 0.61875 0.0734375 0.096875
2 0.27109375 0.6265625 0.0765625 0.1
16 0.34609375 0.63125 0.06875 0.1
29 0.42265625 0.64140625 0.0734375 0.0984375
31 0.4984375 0.64765625 0.0734375 0.0984375
15 0.575 0.65546875 0.0734375 0.096875
9 0.65078125 0.66171875 0.0734375 0.096875
17 0.72578125 0.66953125 0.075 0.096875
0 0.8015625 0.6796875 0.06875 0.1