24 0.1046875 0.2359375 0.084375 0.1203125
15 0.203125 0.2328125 0.0765625 0.1171875
30 0.303125 0.23125 0.0859375 0.1171875
12 0.403125 0.2296875 0.0828125 0.11875
29 0.5015625 0.2296875 0.0828125 0.11875
17 0.6 0.2265625 0.0859375 0.1203125
26 0.6984375 0.2265625 0.0796875 0.11875
29 0.796875 0.2265625 0.0796875 0.1125
19 0.896875 0.2234375 0.0828125 0.1203125
7 0.896875 0.3609375 0.0796875 0.11875
31 0.796875 0.3609375 0.0796875 0.1125
5 0.7 0.3640625 0.0828125 0.121875
0 0.6015625 0.3671875 0.075 0.1109375
14 0.503125 0.3640625 0.0828125 0.1171875
27 0.4015625 0.365625 0.078125 0.1171875
6 0.30625 0.365625 0.0828125 0.1125
23 0.2078125 0.3671875 0.0859375 0.1171875
13 0.109375 0.3703125 0.08125 0.115625
19 0.1125 0.50625 0.084375 0.1171875
5 0.209375 0.503125 0.0828125 0.11875
1 0.30625 0.503125 0.0859375 0.1171875
8 0.40625 0.5 0.0859375 0.115625
27 0.503125 0.5 0.0828125 0.1171875
21 0.6 0.496875 0.084375 0.1140625
28 0.7 0.496875 0.0828125 0.115625
2 0.7984375 0.4984375 0.0859375 0.1203125
18 0.8953125 0.5 0.078125 0.11875
17 0.1171875 0.6375 0.0828125 0.1171875
0 0.2125 0.634375 0.0859375 0.115625
0 0.3109375 0.6359375 0.078125 0.109375
25 0.4078125 0.6359375 0.0859375 0.1125
11 0.50625 0.6328125 0.0796875 0.1171875
31 0.603125 0.63125 0.075 0.1125
33 0.7015625 0.63125 0.0796875 0.103125
9 0.7984375 0.63125 0.0796875 0.109375
29 0.8953125 0.63125 0.0703125 0.10625