32 0.215625 0.30546875 0.0671875 0.090625
20 0.290625 0.3125 0.0671875 0.09375
8 0.365625 0.3171875 0.071875 0.09375
18 0.4421875 0.32109375 0.0734375 0.0953125
6 0.51796875 0.32734375 0.0703125 0.0921875
33 0.59453125 0.33125 0.0703125 0.0921875
21 0.67109375 0.3375 0.075 0.0953125
13 0.74765625 0.34453125 0.071875 0.09375
8 0.8234375 0.34921875 0.0765625 0.0984375
29 0.20546875 0.41015625 0.06875 0.0890625
7 0.2796875 0.41484375 0.0703125 0.0921875
31 0.3578125 0.4203125 0.0671875 0.09375
31 0.434375 0.4265625 0.065625 0.0875
17 0.5109375 0.43203125 0.0734375 0.09375
22 0.58671875 0.43671875 0.0703125 0.0984375
5 0.66328125 0.44375 0.0671875 0.0984375
33 0.74296875 0.44921875 0.0671875 0.0984375
21 0.81796875 0.45390625 0.0703125 0.0953125
22 0.19609375 0.5140625 0.06875 0.0953125
30 0.27109375 0.51953125 0.0703125 0.0984375
20 0.34921875 0.52421875 0.075 0.1015625
7 0.425 0.5296875 0.0703125 0.1
19 0.503125 0.53828125 0.075 0.1
7 0.5796875 0.54296875 0.0703125 0.0953125
30 0.65703125 0.5484375 0.071875 0.0984375
29 0.73515625 0.55625 0.071875 0.0984375
25 0.81171875 0.56015625 0.0734375 0.0953125
4 0.18515625 0.61953125 0.065625 0.0921875
23 0.26171875 0.6265625 0.071875 0.0984375
12 0.33984375 0.63046875 0.06875 0.1
22 0.415625 0.63671875 0.0703125 0.1
9 0.49375 0.6390625 0.0703125 0.0984375
5 0.571875 0.64921875 0.071875 0.1015625
14 0.64921875 0.65546875 0.0734375 0.1
18 0.72734375 0.6625 0.0734375 0.0953125
27 0.80546875 0.66796875 0.0703125 0.0953125