25 0.2046875 0.28203125 0.0828125 0.115625
25 0.6984375 0.39921875 0.0875 0.1171875
25 0.2234375 0.5421875 0.0890625 0.1171875
10 0.6859375 0.2640625 0.084375 0.109375
10 0.2140625 0.41328125 0.08125 0.1109375
10 0.70234375 0.52890625 0.078125 0.1109375
10 0.22890625 0.6703125 0.0765625 0.1078125
3 0.3 0.28046875 0.084375 0.1203125
3 0.409375 0.4109375 0.08125 0.1140625
3 0.503125 0.4 0.084375 0.1171875
3 0.6015625 0.40234375 0.0765625 0.1109375
0 0.39375 0.27734375 0.078125 0.109375
0 0.4890625 0.2671875 0.075 0.1125
0 0.5859375 0.26875 0.0828125 0.1171875
6 0.3109375 0.4109375 0.0828125 0.1140625
6 0.4171875 0.540625 0.078125 0.109375
6 0.50859375 0.5296875 0.075 0.1125
6 0.60546875 0.52890625 0.0765625 0.1109375
0 0.321875 0.540625 0.0765625 0.1125
9 0.32421875 0.6703125 0.0796875 0.1125
9 0.4203125 0.6703125 0.0796875 0.109375
9 0.51171875 0.659375 0.08125 0.1140625
9 0.60859375 0.65859375 0.0765625 0.1171875
25 0.70859375 0.66171875 0.0859375 0.115625