11 0.1515625 0.240625 0.084375 0.1203125
7 0.24140625 0.2515625 0.0890625 0.1125
26 0.33359375 0.259375 0.0890625 0.1171875
33 0.42578125 0.265625 0.0875 0.1125
13 0.51875 0.27421875 0.084375 0.1171875
23 0.6125 0.284375 0.0890625 0.1234375
28 0.70703125 0.2953125 0.090625 0.1125
7 0.8 0.30390625 0.0890625 0.1171875
15 0.89296875 0.31484375 0.084375 0.115625
8 0.13671875 0.365625 0.0859375 0.1171875
29 0.23046875 0.37578125 0.0828125 0.1109375
5 0.31875 0.38359375 0.084375 0.1203125
24 0.415625 0.3921875 0.084375 0.1203125
10 0.50390625 0.4015625 0.084375 0.115625
9 0.59609375 0.4109375 0.0828125 0.1140625
13 0.690625 0.42265625 0.0859375 0.11875
11 0.78359375 0.43046875 0.0828125 0.115625
30 0.878125 0.44375 0.0828125 0.115625
26 0.12421875 0.490625 0.084375 0.11875
6 0.2125 0.4984375 0.0796875 0.1125
8 0.30703125 0.5109375 0.0875 0.121875
5 0.39921875 0.51796875 0.0875 0.1234375
7 0.490625 0.52734375 0.084375 0.1140625
22 0.58203125 0.53828125 0.0765625 0.115625
26 0.67734375 0.55 0.0875 0.1203125
12 0.7703125 0.55859375 0.0890625 0.11875
16 0.86640625 0.571875 0.0890625 0.1171875
30 0.109375 0.61640625 0.0828125 0.1125
16 0.20078125 0.62578125 0.0765625 0.1171875
27 0.29296875 0.63359375 0.0796875 0.11875
33 0.3875 0.6453125 0.0890625 0.115625
7 0.47734375 0.65625 0.0875 0.1171875
22 0.5703125 0.66484375 0.0828125 0.1171875
27 0.66328125 0.68046875 0.0828125 0.115625
19 0.75859375 0.6875 0.09375 0.1203125
29 0.853125 0.70078125 0.08125 0.11875