25 0.175 0.325 0.0671875 0.0953125
21 0.25625 0.3234375 0.0671875 0.09375
22 0.334375 0.321875 0.0671875 0.0921875
14 0.4140625 0.3203125 0.0703125 0.0953125
15 0.5796875 0.3203125 0.065625 0.0953125
3 0.6578125 0.3171875 0.065625 0.09375
9 0.7359375 0.31875 0.0671875 0.09375
23 0.8125 0.31875 0.0703125 0.0984375
13 0.1765625 0.43125 0.065625 0.096875
18 0.25625 0.4296875 0.0671875 0.0953125
9 0.3359375 0.43125 0.0671875 0.09375
5 0.6609375 0.4265625 0.0703125 0.096875
16 0.7375 0.4265625 0.0625 0.0953125
2 0.815625 0.4265625 0.0671875 0.096875
27 0.1765625 0.5546875 0.065625 0.096875
8 0.2546875 0.553125 0.0703125 0.096875
20 0.334375 0.553125 0.0671875 0.0953125
28 0.6625 0.5515625 0.065625 0.096875
1 0.740625 0.55 0.06875 0.0953125
30 0.81875 0.55 0.0640625 0.0921875
11 0.175 0.665625 0.065625 0.096875
3 0.2546875 0.6625 0.0671875 0.096875
7 0.334375 0.659375 0.06875 0.096875
6 0.4140625 0.659375 0.0640625 0.096875
16 0.5875 0.659375 0.065625 0.09375
0 0.665625 0.659375 0.065625 0.09375
17 0.74375 0.6578125 0.065625 0.0953125
26 0.8203125 0.6578125 0.0625 0.09375