2 0.2078125 0.234375 0.065625 0.090625
5 0.2796875 0.23515625 0.0625 0.090625
8 0.35 0.23359375 0.0609375 0.0875
11 0.421875 0.228125 0.059375 0.090625
14 0.490625 0.2234375 0.0625 0.0859375
17 0.5625 0.22265625 0.0640625 0.0890625
20 0.6359375 0.22265625 0.0625 0.0875
23 0.709375 0.21796875 0.0625 0.0859375
26 0.7796875 0.2234375 0.059375 0.0875
1 0.2046875 0.40703125 0.0625 0.0875
4 0.275 0.40859375 0.0578125 0.090625
7 0.3484375 0.40859375 0.0640625 0.0890625
10 0.41875 0.4078125 0.0609375 0.0859375
13 0.4890625 0.4078125 0.0609375 0.0859375
16 0.5609375 0.40703125 0.0609375 0.0890625
19 0.6328125 0.40390625 0.0625 0.0875
22 0.7046875 0.40234375 0.0578125 0.0875
25 0.7765625 0.3984375 0.0640625 0.0890625
0 0.203125 0.61171875 0.0625 0.0875
3 0.275 0.61015625 0.0609375 0.0875
6 0.346875 0.60859375 0.0625 0.0890625
9 0.4171875 0.60625 0.0609375 0.0890625
12 0.4890625 0.60625 0.0625 0.090625
15 0.559375 0.60078125 0.0625 0.0875
18 0.63125 0.59453125 0.0625 0.0890625
21 0.703125 0.58828125 0.065625 0.090625
18 0.778125 0.5859375 0.0625 0.090625
28 0.21640625 0.8015625 0.0609375 0.084375
32 0.28828125 0.79765625 0.059375 0.084375
33 0.35859375 0.79609375 0.0625 0.0859375
31 0.43046875 0.79375 0.0609375 0.0859375
30 0.50078125 0.7921875 0.0609375 0.0875
27 0.5703125 0.7890625 0.05625 0.0875
29 0.6453125 0.78828125 0.0625 0.084375