2 0.13359375 0.3625 0.0828125 0.109375
26 0.2140625 0.34921875 0.0796875 0.1046875
23 0.29765625 0.3375 0.08125 0.1078125
15 0.38046875 0.32578125 0.0765625 0.1046875
15 0.46171875 0.31640625 0.0796875 0.1046875
31 0.540625 0.30625 0.0734375 0.1
7 0.62265625 0.29375 0.0796875 0.103125
14 0.7046875 0.28359375 0.08125 0.10625
9 0.78359375 0.27109375 0.0734375 0.103125
7 0.14765625 0.4734375 0.078125 0.103125
6 0.23125 0.46171875 0.0765625 0.103125
2 0.31328125 0.45078125 0.0859375 0.1109375
11 0.3953125 0.4390625 0.08125 0.109375
31 0.47578125 0.42578125 0.075 0.1046875
8 0.55625 0.41796875 0.0828125 0.109375
19 0.63828125 0.4046875 0.084375 0.1109375
8 0.71875 0.3953125 0.08125 0.109375
24 0.79921875 0.38203125 0.0765625 0.1015625
0 0.16171875 0.58359375 0.0765625 0.103125
27 0.246875 0.5734375 0.0765625 0.1015625
33 0.32734375 0.5625 0.078125 0.1
26 0.4109375 0.55078125 0.078125 0.1078125
29 0.49296875 0.5375 0.075 0.1015625
26 0.571875 0.5265625 0.075 0.103125
14 0.6515625 0.51328125 0.078125 0.103125
30 0.734375 0.5046875 0.075 0.103125
13 0.81484375 0.4921875 0.0796875 0.10625
1 0.18046875 0.69765625 0.0828125 0.109375
3 0.2609375 0.68359375 0.0796875 0.103125
23 0.34609375 0.6734375 0.0859375 0.10625
5 0.4265625 0.66015625 0.08125 0.109375
16 0.50859375 0.6484375 0.075 0.1046875
33 0.5890625 0.6375 0.0828125 0.1015625
22 0.66953125 0.62734375 0.08125 0.10625
0 0.7484375 0.61484375 0.0734375 0.1015625
18 0.83046875 0.6046875 0.075 0.1046875