14 0.065625 0.4984375 0.05625 0.08125
14 0.13125 0.4984375 0.05625 0.0765625
17 0.2 0.5 0.05625 0.0796875
17 0.265625 0.5046875 0.05625 0.0796875
20 0.334375 0.5109375 0.053125 0.078125
20 0.4015625 0.4984375 0.0546875 0.078125
1 0.46875 0.50625 0.05625 0.078125
4 0.534375 0.5015625 0.053125 0.071875
7 0.6015625 0.50625 0.0546875 0.0734375
28 0.66875 0.509375 0.0546875 0.0734375
28 0.734375 0.5140625 0.0546875 0.0734375
28 0.8 0.5203125 0.05 0.078125
29 0.865625 0.521875 0.05 0.075
29 0.93125 0.51875 0.05 0.0734375