32 0.19140625 0.346875 0.0640625 0.0890625
20 0.26640625 0.34296875 0.0640625 0.0921875
8 0.34140625 0.3375 0.06875 0.0921875
18 0.41796875 0.33046875 0.0703125 0.09375
6 0.49375 0.3265625 0.0671875 0.090625
33 0.5703125 0.31953125 0.0671875 0.090625
21 0.646875 0.315625 0.071875 0.0921875
13 0.7234375 0.31171875 0.06875 0.0921875
8 0.8 0.30625 0.0734375 0.0953125
29 0.1953125 0.4515625 0.065625 0.0875
7 0.2703125 0.44609375 0.0671875 0.090625
31 0.3484375 0.440625 0.0640625 0.0921875
31 0.425 0.43671875 0.0640625 0.0859375
17 0.50078125 0.43125 0.0703125 0.0921875
22 0.57734375 0.42578125 0.0671875 0.096875
5 0.65390625 0.421875 0.0640625 0.096875
33 0.73359375 0.415625 0.0640625 0.096875
21 0.80859375 0.41015625 0.0671875 0.09375
22 0.20078125 0.55625 0.065625 0.09375
30 0.27578125 0.55078125 0.0671875 0.096875
20 0.35390625 0.5453125 0.071875 0.0984375
7 0.43046875 0.53984375 0.0671875 0.0984375
19 0.50859375 0.5375 0.071875 0.096875
7 0.584375 0.53125 0.0671875 0.09375
30 0.6625 0.52578125 0.06875 0.096875
29 0.740625 0.5234375 0.06875 0.096875
25 0.8171875 0.51640625 0.0703125 0.09375
4 0.2046875 0.6625 0.0625 0.090625
23 0.28125 0.65859375 0.06875 0.096875
12 0.359375 0.6515625 0.065625 0.0984375
22 0.4359375 0.64765625 0.0671875 0.0984375
9 0.51328125 0.63828125 0.0671875 0.096875
5 0.59140625 0.6375 0.06875 0.1
14 0.66953125 0.63359375 0.0703125 0.0984375
18 0.74765625 0.6296875 0.0703125 0.09375
27 0.82578125 0.6234375 0.0671875 0.09375