30 0.1078125 0.35390625 0.0921875 0.1234375
28 0.20390625 0.346875 0.0921875 0.1234375
20 0.29921875 0.3359375 0.096875 0.128125
16 0.39375 0.32734375 0.0921875 0.1234375
27 0.4921875 0.321875 0.084375 0.1265625
31 0.5890625 0.31328125 0.0875 0.121875
0 0.68515625 0.30625 0.0875 0.121875
28 0.78515625 0.29765625 0.090625 0.11875
20 0.88203125 0.2921875 0.0890625 0.1203125
15 0.890625 0.4265625 0.0859375 0.121875
19 0.796875 0.43359375 0.09375 0.1234375
33 0.696875 0.440625 0.090625 0.125
14 0.59921875 0.44765625 0.090625 0.1265625
9 0.50546875 0.45390625 0.0828125 0.11875
3 0.40703125 0.4609375 0.0828125 0.11875
14 0.3109375 0.46796875 0.0953125 0.128125
21 0.2140625 0.478125 0.0875 0.11875
16 0.1171875 0.48515625 0.078125 0.121875
10 0.12890625 0.6171875 0.084375 0.1140625
0 0.22578125 0.61015625 0.078125 0.1140625
12 0.321875 0.6015625 0.0875 0.11875
18 0.41875 0.5921875 0.0828125 0.1234375
11 0.515625 0.58515625 0.084375 0.121875
4 0.61015625 0.5796875 0.0765625 0.1109375
29 0.70703125 0.57265625 0.078125 0.1171875
14 0.80390625 0.565625 0.0875 0.1234375
10 0.90234375 0.56015625 0.0828125 0.1171875
5 0.1421875 0.74609375 0.084375 0.121875
26 0.23515625 0.73984375 0.08125 0.11875
21 0.33203125 0.7328125 0.0875 0.115625
16 0.42734375 0.72265625 0.078125 0.1234375
17 0.5234375 0.7171875 0.0875 0.121875
14 0.61875 0.709375 0.0859375 0.1203125
30 0.715625 0.70703125 0.0875 0.115625
2 0.8125 0.6984375 0.09375 0.1234375
9 0.90546875 0.6921875 0.0859375 0.1234375