25 0.16328125 0.3484375 0.0734375 0.1
21 0.24453125 0.340625 0.0734375 0.0984375
22 0.32265625 0.33359375 0.0734375 0.096875
14 0.4015625 0.3265625 0.0765625 0.1
15 0.5671875 0.31484375 0.071875 0.1
3 0.64453125 0.30625 0.071875 0.0984375
9 0.72265625 0.30234375 0.0734375 0.0984375
23 0.79921875 0.29765625 0.0765625 0.103125
13 0.17265625 0.45390625 0.071875 0.1015625
18 0.2515625 0.446875 0.0734375 0.1
9 0.33125 0.44296875 0.0734375 0.0984375
5 0.65546875 0.415625 0.0765625 0.1015625
16 0.73203125 0.41015625 0.06875 0.1
2 0.809375 0.4046875 0.0734375 0.1015625
27 0.18125 0.57734375 0.071875 0.1015625
8 0.259375 0.5703125 0.0765625 0.1015625
20 0.33828125 0.56484375 0.0734375 0.1
28 0.665625 0.53984375 0.071875 0.1015625
1 0.74375 0.5328125 0.075 0.1
30 0.82109375 0.52734375 0.0703125 0.096875
11 0.1875 0.68828125 0.071875 0.1015625
3 0.26640625 0.67890625 0.0734375 0.1015625
7 0.34609375 0.6703125 0.075 0.1015625
6 0.425 0.66484375 0.0703125 0.1015625
16 0.5984375 0.653125 0.071875 0.0984375
0 0.6765625 0.64765625 0.071875 0.0984375
17 0.75390625 0.640625 0.071875 0.1
26 0.83046875 0.63515625 0.06875 0.0984375