0 0.075 0.5296875 0.0515625 0.0734375
3 0.1421875 0.525 0.0515625 0.075
6 0.2046875 0.5203125 0.0515625 0.075
9 0.26875 0.515625 0.05625 0.078125
12 0.3328125 0.515625 0.0515625 0.0734375
15 0.3984375 0.5125 0.0515625 0.075
18 0.4625 0.5140625 0.053125 0.075
21 0.5234375 0.5140625 0.0515625 0.075
24 0.5859375 0.5203125 0.05 0.0734375
19 0.646875 0.521875 0.0546875 0.075
19 0.7109375 0.5234375 0.0546875 0.075
19 0.7703125 0.521875 0.05 0.078125
27 0.8296875 0.51875 0.0515625 0.0765625
27 0.8921875 0.5171875 0.0484375 0.0671875