27 0.2953125 0.284375 0.053125 0.0734375
33 0.35625 0.2859375 0.0515625 0.071875
29 0.4171875 0.2875 0.053125 0.0703125
21 0.475 0.2890625 0.053125 0.0734375
26 0.534375 0.2921875 0.053125 0.0734375
17 0.5921875 0.2953125 0.053125 0.071875
1 0.28984375 0.3640625 0.053125 0.0765625
15 0.35078125 0.365625 0.053125 0.0734375
29 0.41015625 0.36875 0.053125 0.075
3 0.47109375 0.3671875 0.053125 0.0734375
3 0.52890625 0.3703125 0.0515625 0.071875
30 0.58828125 0.3734375 0.0515625 0.0734375
6 0.28203125 0.44453125 0.053125 0.0734375
6 0.34296875 0.44765625 0.053125 0.0734375
1 0.40390625 0.44921875 0.05625 0.0765625
5 0.46328125 0.44921875 0.053125 0.0765625
23 0.52109375 0.45234375 0.053125 0.075
0 0.1234375 0.61015625 0.053125 0.078125
0 0.184375 0.61328125 0.0515625 0.0765625
9 0.2453125 0.61640625 0.0515625 0.078125
12 0.30625 0.62109375 0.05 0.075
15 0.36640625 0.62578125 0.053125 0.075
4 0.42734375 0.63046875 0.0515625 0.075
10 0.48671875 0.63359375 0.05 0.0734375
10 0.54609375 0.63515625 0.05 0.075
14 0.60390625 0.63671875 0.0515625 0.0765625
17 0.66484375 0.64140625 0.053125 0.0765625
20 0.72265625 0.64140625 0.0515625 0.0734375
28 0.78046875 0.64765625 0.05 0.075
32 0.83828125 0.64609375 0.0515625 0.071875
4 0.9525236671874999 0.6117994390625 0.9113405796875 0.6125386140625 0.9136063906249999 0.679879115625 0.9548500546875 0.67798411875 0.9525236671874999 0.6117994390625