13 0.125 0.278125 0.0765625 0.1109375
10 0.2203125 0.2765625 0.075 0.1140625
25 0.315625 0.278125 0.0828125 0.1125
29 0.415625 0.2796875 0.0765625 0.1140625
1 0.6171875 0.2796875 0.084375 0.1109375
25 0.7171875 0.278125 0.0875 0.1140625
10 0.815625 0.28125 0.0765625 0.1140625
30 0.915625 0.2828125 0.0796875 0.1109375
8 0.121875 0.4109375 0.0796875 0.1140625
21 0.21875 0.409375 0.08125 0.115625
6 0.3171875 0.4125 0.0734375 0.115625
22 0.4125 0.4109375 0.0734375 0.115625
22 0.6171875 0.4109375 0.0765625 0.115625
24 0.7171875 0.4125 0.0765625 0.115625
12 0.81875 0.415625 0.075 0.115625
16 0.9140625 0.415625 0.0734375 0.11875
13 0.1203125 0.5421875 0.0765625 0.1140625
4 0.2171875 0.54375 0.0765625 0.1140625
23 0.315625 0.5421875 0.0796875 0.115625
32 0.4125 0.5421875 0.0734375 0.1078125
28 0.61875 0.5484375 0.0796875 0.1109375
16 0.7171875 0.5484375 0.0765625 0.1109375
29 0.8171875 0.5484375 0.0703125 0.109375
5 0.9140625 0.55 0.0796875 0.121875
30 0.1203125 0.6734375 0.0765625 0.11875
17 0.2171875 0.6734375 0.0796875 0.11875
20 0.3140625 0.675 0.0796875 0.115625
1 0.4140625 0.6765625 0.0828125 0.115625
14 0.6171875 0.678125 0.08125 0.1171875
21 0.7171875 0.6828125 0.0796875 0.115625
16 0.815625 0.6828125 0.0734375 0.121875
5 0.9140625 0.684375 0.0703125 0.11875