2 0.1953125 0.35390625 0.0625 0.08125
0 0.25390625 0.3453125 0.0625 0.0796875
1 0.3140625 0.334375 0.0625 0.078125
9 0.14140625 0.70625 0.065625 0.08125
12 0.20234375 0.69375 0.0625 0.0828125
15 0.2625 0.684375 0.0625 0.08125
24 0.32109375 0.67265625 0.0625 0.08125
7 0.38125 0.6625 0.0640625 0.08125
10 0.4421875 0.65625 0.059375 0.078125
13 0.5 0.64609375 0.0609375 0.0796875
11 0.55859375 0.634375 0.0609375 0.0828125
11 0.6125 0.61796875 0.05625 0.0796875
17 0.67265625 0.6171875 0.0625 0.0796875
20 0.73125 0.60703125 0.0609375 0.0796875
29 0.78828125 0.5984375 0.0578125 0.075
29 0.84453125 0.59296875 0.053125 0.075
14 0.94375 0.57734375 0.0578125 0.078125