8 0.19375 0.3421875 0.065625 0.0953125
27 0.2734375 0.3421875 0.065625 0.090625
28 0.35 0.3421875 0.0625 0.090625
14 0.428125 0.3421875 0.0671875 0.09375
11 0.503125 0.3421875 0.0625 0.0953125
27 0.58125 0.3453125 0.0640625 0.0875
13 0.6578125 0.34375 0.0625 0.0890625
8 0.7359375 0.346875 0.0640625 0.0890625
28 0.809375 0.346875 0.0625 0.090625
18 0.1953125 0.4484375 0.065625 0.0953125
1 0.271875 0.4484375 0.06875 0.0984375
22 0.3515625 0.4484375 0.0671875 0.096875
12 0.428125 0.4484375 0.0640625 0.0953125
7 0.50625 0.4484375 0.0671875 0.0953125
12 0.584375 0.45 0.0640625 0.0953125
33 0.659375 0.4515625 0.0671875 0.0953125
9 0.7359375 0.45 0.0625 0.09375
19 0.8125 0.45 0.065625 0.09375
9 0.1921875 0.55625 0.065625 0.0953125
2 0.271875 0.55625 0.0703125 0.096875
6 0.35 0.5546875 0.065625 0.0953125
23 0.428125 0.553125 0.0671875 0.0984375
2 0.50625 0.5546875 0.0671875 0.096875
20 0.58125 0.5546875 0.065625 0.0953125
5 0.6578125 0.55625 0.0625 0.096875
23 0.7359375 0.55625 0.0625 0.096875
18 0.8109375 0.55625 0.0609375 0.09375
3 0.190625 0.6625 0.0625 0.0953125
31 0.271875 0.659375 0.065625 0.0953125
5 0.3484375 0.659375 0.0671875 0.096875
28 0.428125 0.659375 0.065625 0.096875
20 0.5046875 0.6609375 0.0671875 0.096875
30 0.5828125 0.659375 0.0640625 0.096875
8 0.659375 0.6625 0.0625 0.0953125
30 0.7359375 0.6609375 0.0640625 0.0921875
11 0.8109375 0.6609375 0.065625 0.090625