7 0.1046875 0.2703125 0.0796875 0.11875
22 0.1984375 0.26875 0.0703125 0.1140625
8 0.29375 0.271875 0.0828125 0.1171875
27 0.3890625 0.26875 0.0734375 0.115625
5 0.4875 0.2671875 0.0828125 0.11875
26 0.5859375 0.26875 0.0765625 0.1171875
24 0.6859375 0.2671875 0.0796875 0.1125
3 0.7859375 0.2671875 0.0796875 0.1125
13 0.8875 0.265625 0.078125 0.1171875
25 0.103125 0.40625 0.0796875 0.1109375
24 0.196875 0.4046875 0.0765625 0.1125
26 0.2953125 0.4046875 0.078125 0.1171875
21 0.3890625 0.4046875 0.08125 0.115625
27 0.4890625 0.40625 0.078125 0.115625
29 0.5859375 0.40625 0.078125 0.1078125
11 0.684375 0.403125 0.0734375 0.1171875
25 0.784375 0.4015625 0.084375 0.115625
11 0.884375 0.4046875 0.0734375 0.1171875
23 0.1046875 0.5359375 0.08125 0.1125
32 0.2 0.5390625 0.071875 0.1078125
29 0.29375 0.5390625 0.075 0.10625
25 0.3890625 0.5375 0.0828125 0.1125
20 0.4875 0.5359375 0.0796875 0.1140625
32 0.5828125 0.5375 0.0703125 0.1
6 0.6828125 0.5375 0.078125 0.1125
29 0.784375 0.5421875 0.0734375 0.10625
17 0.8828125 0.540625 0.084375 0.1171875
22 0.10625 0.665625 0.06875 0.1125
8 0.1984375 0.6671875 0.0828125 0.1171875
19 0.2921875 0.66875 0.0796875 0.115625
32 0.3890625 0.6671875 0.078125 0.1171875
13 0.4875 0.6703125 0.078125 0.11875
21 0.5859375 0.671875 0.0765625 0.1171875
29 0.6859375 0.6734375 0.0734375 0.1109375
2 0.784375 0.6765625 0.084375 0.121875
5 0.884375 0.6765625 0.0796875 0.121875