30 0.20703125 0.3296875 0.06875 0.096875
19 0.28515625 0.33046875 0.0734375 0.0984375
26 0.36328125 0.33359375 0.0703125 0.096875
0 0.44140625 0.334375 0.06875 0.096875
32 0.52109375 0.33984375 0.0703125 0.09375
6 0.59609375 0.3421875 0.071875 0.0984375
21 0.6765625 0.3484375 0.071875 0.096875
32 0.753125 0.35078125 0.06875 0.09375
19 0.83125 0.353125 0.0703125 0.096875
20 0.2046875 0.4375 0.071875 0.1
29 0.2828125 0.43984375 0.0703125 0.096875
16 0.3609375 0.44296875 0.071875 0.0953125
7 0.43984375 0.446875 0.0734375 0.096875
28 0.5171875 0.44765625 0.0703125 0.090625
2 0.59296875 0.4515625 0.071875 0.1
1 0.67265625 0.453125 0.071875 0.09375
23 0.75078125 0.46015625 0.0703125 0.09375
4 0.82734375 0.4640625 0.0703125 0.090625
11 0.19921875 0.5421875 0.06875 0.0984375
4 0.27734375 0.54609375 0.0734375 0.09375
20 0.35625 0.5484375 0.0703125 0.096875
10 0.43671875 0.55 0.0703125 0.096875
6 0.5140625 0.55546875 0.0703125 0.0921875
11 0.5890625 0.5578125 0.06875 0.096875
26 0.6671875 0.56171875 0.0703125 0.096875
18 0.74375 0.5625 0.06875 0.0984375
2 0.821875 0.56875 0.0734375 0.1015625
23 0.19453125 0.6515625 0.0734375 0.096875
27 0.27421875 0.65390625 0.0703125 0.0984375
12 0.35234375 0.6546875 0.075 0.0984375
16 0.42890625 0.6578125 0.06875 0.0953125
19 0.50859375 0.66015625 0.0734375 0.0984375
27 0.58515625 0.6625 0.06875 0.096875
31 0.66328125 0.66796875 0.065625 0.09375
33 0.74296875 0.67265625 0.0671875 0.09375
29 0.81953125 0.675 0.0671875 0.090625