10 0.21953125 0.32578125 0.065625 0.090625
29 0.29453125 0.3265625 0.065625 0.0859375
24 0.36796875 0.32734375 0.0640625 0.0890625
20 0.44453125 0.3328125 0.06875 0.09375
7 0.52109375 0.33828125 0.065625 0.09375
7 0.59453125 0.3390625 0.0671875 0.0921875
27 0.67109375 0.34296875 0.0671875 0.0890625
11 0.74765625 0.346875 0.06875 0.0921875
0 0.821875 0.35234375 0.0609375 0.0921875
25 0.2125 0.42734375 0.071875 0.0921875
4 0.2875 0.4296875 0.06875 0.090625
10 0.3640625 0.43203125 0.0671875 0.09375
24 0.440625 0.4359375 0.0703125 0.090625
6 0.5171875 0.44140625 0.06875 0.0921875
19 0.5921875 0.4453125 0.0703125 0.0921875
31 0.6671875 0.44765625 0.0703125 0.0921875
3 0.74375 0.4515625 0.06875 0.090625
24 0.81796875 0.45703125 0.0671875 0.0921875
13 0.20703125 0.5296875 0.0671875 0.09375
21 0.28359375 0.5328125 0.06875 0.09375
6 0.36015625 0.53671875 0.0671875 0.0921875
10 0.43359375 0.540625 0.0703125 0.09375
26 0.51015625 0.54296875 0.06875 0.0953125
20 0.58671875 0.546875 0.0703125 0.09375
15 0.66328125 0.55078125 0.0671875 0.096875
12 0.73828125 0.553125 0.0671875 0.0953125
14 0.81171875 0.55703125 0.06875 0.09375
29 0.203125 0.634375 0.06875 0.09375
2 0.278125 0.63828125 0.071875 0.096875
16 0.353125 0.6390625 0.0640625 0.096875
29 0.4296875 0.6453125 0.06875 0.0953125
31 0.50625 0.64765625 0.06875 0.0953125
15 0.5828125 0.6515625 0.06875 0.09375
9 0.659375 0.65390625 0.06875 0.09375
17 0.734375 0.6578125 0.0703125 0.09375
0 0.8109375 0.66328125 0.0640625 0.096875